321
202
315
282
320
333
184
178
465
183
188
210
346
227
197
200
326
206
208
571
428
244
245
245
238
244
217
240
260
218
214
236
241
212
212
217
335
280
227
285
405
369
225
227
366
242
227
198
358
211
241
232
213
243
205
236
408
256
232
230
436
212
228
206
225
239
210
218
226
214
212
200
329
203
212
194
357
219
231
221
347
255
227
215
360
237
250
199
404
250
223
232
382
385
246
284
525
426
436
288
257
226
211
231
222
263
280
345
232
338
205
371
217
241
223
221
213
218
202
207
221
220
223
215
218
239
203
611
201
206
316
189
241
213
321
213
199
214
270
216
205
358
230
231
208
313
196
199
209
441
212
206
335
182
182
178
188
284
193
241
195
189
207
232
302
193
224
223
217
316
171
234
198
185
228
295
184
175
184
199
191
190
188
296
188
170
177
284
343
189
174
168
354
305
176
203
176
189
182
196
176
179
202
245
198
195
177
209
187
181
285
183
197
203
200
221
187
199
219
285
206
177
183
191
181
183
173
324
197
192
176
257
185
823
151
151
152
154
188
187
198
169
193
194
172
154
155
194
159
156
160
202
147
177
189
265
169
176
160
162
140
554
180
210
187
228
207
193
194
150
166
166
237
325
196
212
234
275
189
362
230
261
148
219
281
188
165
158
163
214
195
155
267
203
292
277
201
376
217
172
172
179
185
232
169
165
174
257
145
146
157
302
153
157
166
281
175
163
149
314
165
165
201
349
173
195
166
282
194
334
213
212
295
259
168
243
207
169
172
300
173
184
185
172
181
188
178
184
173
170
164
163
178
169
263
152
186
277
211
281
253
342
176
185
213
315
213
278
173
330
168
146
172
254
180
178
176
166
171
168
156
167
174
150
159
188
157
150
176
255
159
278
148
340
151
134
147
161
139
113
122
146
134
155
137
156
118
118
131
154
160
160
137
159
144
128
129
148
161
128
150
153
155
194
154
219
133
135
149
260
139
137
121
146
130
152
145
190
147
284
170
145
156
129
131
186
139
141
142
320
153
253
138
260
136
142
131
246
118
405
112
178
130
187
142
160
165
154
154
231
129
170
115
137
123
125
128
226
123
199
153
251
123
140
121
233
185
286
117
156
119
335
137
206
92
98
101
230
132
117
116
179
122
224
136
211
111
103
121
178
105
198
108
209
102
148
102
108
116
142
101
190
139
260
101
193
105
203
113
204
102
243
93
118
112
222
97
148
128
109
101
148
111
93
108
386
95
105
110
205
121
232
112
401
88
198
88
128
88
110
89
89
82
108
99
225
100
88
83
173
92
206
0
142
109
85
88
163
91
171
88
122
100
184
91
213
81
81
91
109
84
91
90
240
217
77
84
79
71
287
72
90
83
158
101
78
78
76
87
156
108
200
80
106
97
105
90
84
103
82
92
133
97
217
79
97
118
77
75
90
96
163
76
81
102
81
131
76
80
79
109
100
137
98
200
95
102
175
88
113
179
270
105
115
99
93
109
107
107
89
219
146
79
158
91
88
99
108
83
96
87
315
95
111
117
101
94
104
102
163
75
110
99
97
178
93
91
119
105
95
161
97
87
102
93
149
96
86
85
84
98
117
76
76
74
73
95
69
96
88
87
110
83
110
165
109
123
86
149
94
86
204
97
130
274
88
222
90
247
90
210
72
256
169
88
89
85
171
113
98
193
98
183
94
184
112
88
185
92
147
82
73
186
134
87
69
143
124
75
91
206
87
82
78
231
69
79
61
82
88
88
74
177
81
215
75
159
114
232
71
232
122
167
77
80
70
177
84
80
73
184
86
195
69
172
69
139
140
173
96
69
98
185
73
216
82
72
116
108
114
73
73
202
84
66
72
84
163
81
84
179
96
70
72
160
80
83
74
182
77
152
93
150
72
218
79
168
75
195
78
213
154
177
70
156
135
179
77
165
99
172
69
175
76
162
77
180
87
245
79
89
141
207
76
232
93
120
182
184
68
116
78
68
80
109
73
155
72
151
94
168
78
75
77
162
98
165
156
99
104
178
149
86
122
193
106
191
70
200
125
0
69
159
84
77
97
89
113
158
82
200
86
69
83
72
66
88
79
157
87
86
80
70
104
177
75
180
139
83
94
174
109
199
87
168
82
73
87
168
101
67
43
80
78
81
70
115
73
75
75
172
70
114
64
81
99
75
66
161
106
71
80
150
86
81
102
144
107
190
103
169
95
78
87
200
83
207
130
205
98
257
76
200
116
79
82
202
94
245
91
119
68
197
91
182
70
79
80
150
124
85
79
232
103
174
77
191
122
156
73
178
94
82
87
95
87
154
93
188
102
85
80
159
70
167
83
149
78
73
80
189
77
161
76
150
97
71
70
167
69
162
70
76
83
154
67
192
125
70
88
171
111
183
66
73
76
75
90
221
91
87
76
176
85
85
73
202
71
70
70
165
100
174
87
170
76
72
83
86
69
69
78
163
90
216
80
192
67
158
78
155
85
150
66
192
59
142
125
76
93
72
108
208
78
88
167
114
164
77
92
88
103
94
195
94
81
95
116
85
80
148
112
82
83
86
68
80
70
72
67
110
84
85
145
103
134
72
112
206
106
185
98
144
144
74
72
71
253
173
64
69
72
80
90
83
104
83
75
115
66
83
72
68
80
78
79
94
70
67
89
79
76
92
70
88
64
75
65
77
69
66
70
92
116
71
74
75
153
184
79
70
147
101
64
85
103
95
75
70
142
80
71
73
157
76
74
83
73
95
76
67
72
95
117
102
63
94
70
86
91
67
74
70
69
74
76
84
118
167
85
90
95
100
83
97
104
182
242
99
87
82
97
75
83
98
77
97
78
92
84
99
149
111
111
85
107
73
73
70
66
77
268
77
76
79
110
83
85
129
91
101
112
75
158
205
292
205
220
89
117
75
86
79
104
81
176
147
76
67
127
108
70
73
67
68
82
79
136
70
69
68
75
73
69
67
69
90
76
87
76
87
91
70
117
76
245
99
144
85
91
100
116
76
83
86
241
77
68
70
91
85
94
80
80
73
78
73
90
80
86
76
77
163
85
76
73
73
72
104
84
108
72
78
136
76
70
86
78
95
70
79
75
87
87
89
146
79
80
103
80
77
89
87
112
78
154
103
213
75
93
80
72
93
74
94
167
78
107
90
101
104
192
97
176
84
80
95
193
73
75
71
83
82
104
90
147
78
69
86
161
85
71
72
205
70
76
97
224
94
74
88
298
81
171
80
226
101
114
156
258
198
114
140
75
86
244
81
205
140
73
99
117
77
190
93
89
83
179
84
112
87
113
75
67
71
136
79
171
111
125
117
95
74
96
105
93
74
73
77
141
83
90
91
73
69
77
80
78
83
81
81
365
85
347
79
72
94
119
75
115
79
102
110
114
85
142
83
109
76
91
102
103
81
169
78
90
83
96
89
80
76
135
79
77
79
124
82
199
78
130
73
72
79
73
82
209
71
80
92
226
86
92
76
178
74
101
73
85
87
77
84
85
81
107
100
78
86
71
69
167
68
76
92
178
75
70
74
156
71
69
65
159
77
92
72
69
71
121
66
66
69
84
69
228
84
78
70
143
72
74
70
67
70
98
71
68
70
70
82
0
83
77
76
150
77
74
73
69
73
95
100
77
82
121
78
85
70
138
84
94
80
76
87
84
81
134
71
81
83
150
87
84
78
95
72
83
79
68
91
89
73
74
90
79
93
74
66
82
79
69
73
66
70
85
92
75
73
86
75
77
88
70
76
75
83
65
72
73
75
71
89
108
68
65
64
90
65
142
82
79
85
92
105
90
91
89
79
68
73
70
72
70
78
81
99
89
85
82
86
94
90
93
87
68
94
90
79
73
77
69
71
80
93
149
96
179
87
117
79
133
84
94
75
66
86
71
72
81
71
65
67
74
94
99
75
70
75
145
83
75
70
66
72
77
72
78
72
105
71
71
72
72
82
72
77
83
84
106
87
77
72
155
106
79
95
139
85
76
74
81
72
78
73
98
92
76
74
79
68
71
97
80
90
69
77
77
87
85
80
78
74
72
71
80
69
73
137
80
80
70
81
67
76
75
79
69
77
76
74
86
71
67
111
67
163
82
72
65
66
67
100
76
68
81
67
120
95
81
148
73
165
75
86
90
82
97
76
83
81
68
160
101
94
79
79
66
66
83
79
169
75
83
181
66
72
76
73
77
80
74
82
85
75
89
95
180
167
79
100
108
113
71
171
210
154
92
91
102
86
79
71
68
77
95
145
66
197
75
174
74
172
84
164
73
150
163
151
116
168
209
145
89
98
92
149
165
164
62
78
74
67
64
69
77
71
82
175
104
91
64
80
74
203
94
208
69
178
102
232
71
113
87
186
83
70
87
91
191
83
82
79
154
80
77
86
291
158
75
70
90
71
100
88
77
175
78
82
74
70
147
76
74
208
72
64
90
71
90
166
80
80
82
91
103
158
68
72
97
74
63
69
98
138
68
63
76
76
74
78
211
91
71
77
151
67
64
66
63
167
88
90
79
88
95
75
74
78
73
84
100
75
96
80
132
79
84
74
74
79
69
75
141
73
68
76
157
74
74
158
75
66
76
142
68
70
63
71
64
90
61
74
65
73
74
96
97
82
100
154
64
63
65
78
71
114
72
64
82
83
58
79
68
71
90
69
77
126
78
64
77
102
72
74
75
71
78
67
312
73
100
72
74
78
86
68
65
78
101
75
84
157
73
86
75
73
88
65
82
69
73
74
82
81
85
87
72
79
79
77
95
100
100
75
92
86
169
85
228
80
81
74
158
68
66
75
98
132
71
79
62
94
146
72
97
74
66
64
70
65
73
100
75
63
72
87
73
89
73
77
93
219
72
74
112
92
90
65
183
72
64
72
69
75
68
74
75
71
71
86
64
82
76
82
68
84
84
75
68
77
105
83
83
75
86
119
89
86
87
84
68
73
149
81
78
72
81
104
155
79
79
99
73
88
106
73
80
75
103
68
67
69
73
81
73
72
86
80
85
71
121
115
88
106
92
90
231
95
235
69
72
84
107
75
90
69
170
96
260
73
125
69
76
65
64
63
75
87
67
69
67
70
81
78
73
85
97
72
189
80
195
73
197
71
116
67
200
85
175
65
77
110
187
77
77
67
88
77
94
73
75
79
77
81
99
85
77
90
173
77
86
77
80
91
143
70
69
88
95
120
66
73
101
173
69
98
77
102
79
90
185
98
76
89
68
128
74
79
160
70
102
81
71
89
73
82
74
67
66
97
188
69
144
76
70
125
68
66
77
77
173
76
85
70
179
87
78
74
86
82
154
103
119
95
103
92
148
236
193
97
108
90
177
83
83
86
173
82
81
74
162
74
272
87
184
103
91
94
164
75
203
77
87
83
164
75
70
78
90
78
155
95
216
72
221
90
172
88
84
73
80
82
212
81
84
81
221
84
94
110
152
81
75
80
113
78
78
74
71
87
79
91
263
88
129
96
253
86
207
111
224
103
194
108
149
85
78
95
72
69
66
77
74
81
198
93
87
89
158
75
83
77
81
79
251
80
168
77
108
82
162
77
82
72
144
208
145
79
69
73
89
77
173
78
79
87
174
86
69
78
71
72
69
85
79
76
214
52
129
62
93
50
155
54
57
51
59
52
53
57
145
64
50
54
126
100
130
63
124
85
63
53
131
68
63
73
53
61
50
50
46
61
56
68
57
72
55
53
115
62
64
61
64
52
51
51
51
57
55
67
100
52
59
50
51
52
50
50
66
67
64
69
54
131
59
64
57
116
51
101
58
54
49
59
51
61
57
58
49
53
105
52
65
65
53
91
65
184
56
57
63
51
50
133
79
50
52
55
54
54
67
149
52
59
66
56
71
66
49
131
51
56
48
68
62
73
52
167
75
68
53
138
56
67
53
180
49
61
59
48
52
70
45
50
52
60
53
66
50
53
56
87
62
173
71
58
60
54
61
63
57
54
59
80
71
79
77
91
60
65
57
89
62
82
66
164
56
61
55
69
57
49
49
63
58
55
64
148
49
74
56
57
55
54
51
48
51
109
54
62
55
55
59
48
54
66
49
75
56
61
69
76
59
55
58
147
64
58
50
68
53
59
57
61
53
156
56
47
67
50
55
52
55
228
59
178
57
49
379
204
87
81
101
83
81
77
71
83
80
99
89
142
79
198
83
222
89
95
96
92
86
89
88
86
84
81
78
67
73
71
322
121
99
93
109
104
109
119
104
282
105
106
102
145
108
115
115
105
107
114
92
87
95
83
87
227
92
113
84
98
104
102
390
132
131
127
118
175
118
142
129
140
126
276
152
250
139
140
119
235
136
0
126
146
158
136
109
155
122
119
113
284
138
146
378
244
166
188
200
208
151
172
143
174
131
148
129
141
136
154
129
150
154
254
153
301
133
141
142
145
135
250
152
255
144
279
454
172
158
270
170
336
187
320
166
205
190
329
171
176
166
325
164
317
156
314
179
256
199
181
339
301
158
309
145
133
166
137
460
190
163
311
168
190
176
284
192
248
173
185
178
272
156
339
163
284
142
163
155
190
204
276
152
385
168
180
107
268
149
144
439
303
184
275
197
352
164
190
183
218
185
331
172
382
174
300
191
224
183
323
186
334
174
317
170
355
188
202
191
209
174
170
501
304
191
305
201
361
308
285
192
322
181
183
180
304
224
313
225
275
197
259
191
311
205
268
179
373
168
291
167
400
167
206
740
283
216
194
197
348
207
211
198
277
193
295
200
329
202
294
170
292
182
200
176
210
205
337
203
219
195
271
204
443
195
329
951
265
211
464
241
285
225
222
233
670
194
317
188
283
208
321
206
302
234
212
199
223
215
221
196
232
278
239
248
232
436
215
221
223
244
208
204
170
185
202
164
206
181
194
177
224
383
236
186
179
191
224
160
167
200
238
183
188
184
173
181
211
191
191
198
177
196
237
196
222
188
241
276
175
172
249
191
202
193
174
171
204
198
195
189
185
188
246
219
197
194
175
167
162
181
143
162
155
174
181
162
180
174
230
183
200
178
175
184
205
198
207
295
223
204
231
202
192
184
183
174
309
201
214
146
159
174
153
177
184
160
196
190
177
201
206
209
160
221
176
207
292
133
171
133
143
139
139
122
124
141
195
203
116
142
134
127
123
121
199
133
150
134
202
133
124
117
178
126
122
130
138
126
147
124
145
153
124
138
150
135
175
120
147
123
131
131
125
132
129
233
137
137
141
129
122
149
158
143
211
151
135
239
137
116
156
136
131
120
151
265
259
131
152
249
148
267
133
136
225
159
131
158
145
123
158
127
137
121
127
240
146
131
268
115
102
122
148
123
196
161
122
171
144
111
111
173
131
243
121
194
128
108
113
182
119
129
99
196
131
110
110
209
140
113
120
125
184
728
104
213
104
191
101
186
149
98
110
231
147
113
116
182
114
100
158
184
107
239
97
203
102
121
186
110
125
214
102
99
116
168
126
128
113
110
198
127
119
173
110
97
103
220
133
115
108
193
152
105
109
203
157
173
97
207
207
108
144
236
109
105
107
111
129
127
114
239
135
113
121
177
137
190
95
201
107
108
111
214
173
103
110
180
124
109
125
186
141
106
105
185
100
120
96
376
122
111
106
227
148
94
102
104
103
110
116
155
116
207
122
96
148
108
103
302
138
197
119
108
102
102
112
180
125
99
112
190
146
207
99
192
137
94
108
101
105
97
92
217
106
113
111
105
101
129
103
234
155
92
101
198
124
104
114
210
189
219
106
120
98
248
249
115
153
107
105
134
151
118
114
248
104
94
109
233
154
131
135
202
114
239
109
195
142
100
111
245
136
116
107
94
120
180
101
170
133
165
121
128
162
150
114
103
103
99
115
108
110
202
121
119
122
92
100
187
104
103
105
133
237
107
113
109
86
86
87
238
148
90
90
97
107
108
104
188
101
112
120
143
149
134
126
137
147
148
121
217
142
155
116
120
107
228
98
129
124
126
126
126
190
117
103
116
126
143
108
119
256
105
116
111
145
102
106
138
208
129
133
126
211
122
126
128
371
287
122
109
116
142
163
166
168
121
135
110
136
176
123
121
141
112
115
115
111
100
101
133
197
112
122
100
144
94
94
108
194
102
104
119
110
128
110
113
175
105
117
118
162
108
120
124
205
137
107
122
117
116
104
129
191
120
109
107
141
112
244
79
86
94
91
92
96
89
100
90
85
85
98
85
138
94
83
92
114
86
95
82
125
96
145
97
184
105
118
88
100
90
100
100
151
119
105
110
105
92
94
85
127
91
92
89
102
93
111
86
97
96
98
94
116
110
96
107
180
88
89
104
112
91
89
82
96
91
100
106
158
95
87
81
106
108
98
95
109
90
107
92
168
137
97
117
117
90
113
103
159
86
193
107
119
103
99
94
264
114
91
86
113
84
132
87
84
96
126
111
101
83
101
132
120
101
168
97
98
89
183
131
233
93
94
100
107
99
168
92
92
91
93
96
95
100
135
85
101
98
98
92
95
90
213
102
100
86
130
103
267
89
166
121
117
109
130
97
184
104
87
76
104
82
180
112
93
98
238
85
107
105
102
91
91
104
100
107
123
93
168
90
120
111
154
148
222
218
90
91
82
94
209
108
116
94
97
93
80
115
105
93
195
94
101
85
218
93
105
93
226
70
126
92
188
83
116
96
234
78
136
98
153
112
118
79
151
110
94
81
207
223
167
160
84
80
74
148
125
98
182
90
149
91
92
90
193
110
97
84
199
85
84
94
83
96
180
168
95
84
130
83
85
78
84
85
91
92
180
87
96
101
124
95
112
88
216
162
182
102
127
109
110
113
192
83
103
95
166
94
161
111
89
97
196
94
85
167
102
85
199
84
103
91
172
91
194
108
105
122
94
76
150
119
116
81
163
96
94
81
90
78
90
95
177
40
203
94
78
80
87
77
131
107
170
96
120
165
85
85
95
98
155
99
128
81
89
81
103
94
90
88
105
552
221
82
96
89
169
93
107
96
162
112
84
105
119
82
131
79
167
89
124
92
169
111
87
222
89
91
101
98
116
84
132
108
139
136
108
105
95
83
135
87
92
109
96
108
104
79
118
111
108
102
113
78
82
112
81
85
92
96
142
84
83
73
156
139
132
108
124
228
104
100
104
104
104
95
113
107
140
164
98
91
108
149
100
90
94
87
91
85
88
97
83
81
76
85
87
83
92
88
83
100
88
186
103
92
87
183
120
121
91
113
134
101
98
74
84
107
92
92
77
89
91
83
132
96
83
86
96
79
93
84
128
118
79
100
169
79
82
80
125
82
95
87
124
82
85
92
121
89
97
100
121
93
87
94
137
93
93
90
87
122
106
97
92
83
110
77
112
196
86
81
98
94
86
96
146
89
7
84
81
87
98
80
86
90
95
92
97
95
102
101
86
90
74
80
86
165
99
90
117
82
84
85
109
113
93
212
101
85
96
86
90
93
100
97
127
94
89
89
91
99
95
84
121
100
85
158
106
83
92
87
89
83
93
81
133
89
95
92
124
90
94
77
99
89
89
219
152
90
91
80
85
81
88
81
111
87
104
167
132
98
98
84
107
99
98
175
94
77
85
161
119
79
89
172
152
83
108
102
103
216
97
81
132
184
94
99
106
100
93
166
89
84
88
175
119
87
85
257
91
170
84
132
132
79
87
233
163
176
78
185
102
84
101
159
82
159
86
190
98
101
100
200
93
161
83
197
104
185
85
100
150
82
78
80
91
105
83
179
86
174
84
172
143
96
90
85
163
94
223
128
116
194
100
197
267
234
86
175
125
137
79
168
202
153
93
107
99
155
97
178
215
184
81
71
85
75
83
79
93
82
72
89
92
83
118
271
299
343
218
87
244
107
174
153
82
84
99
94
99
163
175
97
96
180
112
158
86
83
160
76
88
83
264
84
105
80
104
106
96
94
242
85
139
102
93
88
110
89
281
75
82
88
170
88
91
224
90
79
82
157
101
122
74
92
74
160
136
95
100
91
88
128
102
85
116
106
109
85
204
105
173
191
129
89
91
74
120
71
75
86
83
77
77
77
90
81
88
99
99
90
90
76
85
111
83
214
84
71
86
87
71
101
114
102
132
91
102
178
85
80
97
79
129
82
102
92
111
84
75
84
95
103
207
75
84
74
110
76
114
75
85
71
88
91
86
86
99
89
84
90
176
81
80
76
162
87
100
92
104
90
82
87
115
133
216
121
241
78
200
76
79
81
83
88
88
180
85
77
79
86
133
88
78
86
112
102
94
79
81
78
96
76
86
76
78
75
85
79
89
69
72
70
86
78
75
87
86
89
110
86
101
86
93
68
119
78
101
102
91
79
77
87
89
80
90
89
82
81
89
88
81
78
82
91
89
82
86
80
97
81
98
82
76
82
144
99
97
88
150
97
87
81
105
82
87
74
128
94
79
89
82
94
88
86
113
96
99
86
117
88
85
85
91
132
84
101
112
88
88
110
77
71
101
76
142
87
96
73
218
86
82
76
123
101
92
76
149
93
87
76
145
82
83
87
98
89
182
93
105
81
77
78
96
79
93
104
139
90
98
96
124
81
111
90
164
84
169
113
101
83
94
86
303
93
82
79
94
81
88
83
104
95
84
82
179
83
175
82
156
84
167
80
91
82
91
105
96
79
86
105
85
77
81
75
82
80
88
76
180
76
172
74
182
80
236
77
119
93
112
82
215
87
89
89
212
93
177
67
102
75
220
80
188
152
92
72
233
104
81
74
205
82
88
107
97
89
90
90
162
111
261
87
82
84
193
138
198
82
220
89
81
82
85
93
102
88
97
122
172
86
163
91
218
86
95
85
197
99
236
114
209
90
195
101
88
82
160
165
286
77
182
80
87
81
91
90
82
79
111
88
171
82
106
88
176
80
98
90
87
64
127
160
223
201
76
79
143
77
64
75
127
69
64
61
70
71
66
69
153
64
69
72
213
77
69
67
157
184
165
75
176
67
66
65
153
66
99
165
82
74
134
70
150
69
107
67
77
60
78
60
159
63
83
67
71
77
63
68
93
62
71
63
67
64
62
63
175
70
66
65
66
71
68
78
186
64
88
86
78
64
66
65
156
82
80
59
110
78
71
70
59
73
69
162
68
80
89
69
80
71
74
69
113
71
69
84
86
87
96
73
71
69
100
65
76
74
81
63
65
85
72
62
96
63
74
69
70
64
71
61
69
65
95
74
66
60
175
75
60
69
64
56
74
59
75
69
80
70
67
66
63
165
83
61
61
71
70
75
76
61
74
62
86
68
64
61
64
71
63
63
61
65
62
138
57
132
58
65
63
145
61
78
82
63
73
72
81
136
86
65
68
73
71
77
67
186
78
76
106
77
80
73
75
91
74
119
71
142
76
102
79
70
71
59
66
96
72
166
88
59
71
159
72
60
59
82
99
91
82
65
67
61
65
63
85
90
75
172
88
173
107
162
73
73
67
159
107
176
72
119
89
62
79
72
66
156
64
132
65
173
69
122
64
152
62
152
97
64
104
71
81
71
82
148
85
134
74
173
72
140
65
156
65
178
71
80
65
74
71
150
68
163
65
145
65
84
108
146
83
187
80
74
61
71
91
175
82
198
90
192
83
125
69
71
62
162
82
187
67
178
72
157
89
140
68
155
75
171
79
140
76
166
70
139
79
150
83
58
69
125
67
137
58
78
76
78
65
67
82
76
93
61
89
57
88
155
112
65
71
149
89
67
75
60
63
171
65
193
64
76
71
127
78
155
65
153
67
126
76
89
126
73
91
196
88
155
144
176
66
173
124
73
81
71
84
130
73
78
77
151
69
293
68
173
97
184
112
81
81
153
97
152
63
144
92
160
81
168
97
162
88
168
68
148
105
148
70
73
75
85
105
191
72
132
69
93
73
92
78
148
79
178
80
164
73
204
84
160
83
178
83
130
73
106
64
82
62
142
65
135
65
133
86
161
73
138
85
162
103
98
101
202
117
196
112
143
91
74
87
137
67
73
91
136
64
153
68
65
65
68
72
70
82
67
74
68
67
81
72
78
76
87
72
161
73
164
139
169
96
184
80
183
79
151
71
221
75
82
77
67
91
141
92
78
137
216
114
180
226
74
75
74
75
74
70
69
81
157
73
161
84
171
67
114
82
144
90
121
94
88
92
64
68
175
63
165
85
106
112
72
113
123
105
95
94
78
113
94
90
76
78
76
70
67
75
65
62
82
75
102
82
93
80
77
74
182
95
69
119
85
78
81
79
91
75
78
81
67
81
89
66
157
83
112
78
60
91
75
62
73
70
67
73
65
68
72
74
68
66
64
65
74
63
74
69
88
102
75
70
77
90
79
100
148
93
72
105
117
255
208
110
84
309
261
120
108
139
75
79
183
226
49
65
47
49
68
49
53
47
62
58
66
58
59
60
58
121
59
56
79
119
57
48
70
69
66
67
49
49
46
82
48
51
47
58
51
53
66
53
54
67
56
51
53
47
46
91
47
46
142
63
184
77
45
50
46
46
49
71
50
46
47
72
47
54
73
155
65
48
47
42
43
47
53
44
41
51
48
54
50
55
48
52
58
128
45
92
43
60
43
49
43
52
53
53
56
65
54
56
55
60
55
53
79
49
43
48
47
45
50
111
54
47
73
43
45
114
65
67
49
57
53
93
48
43
43
51
86
43
67
48
42
203
57
126
45
52
47
76
59
48
51
77
42
44
42
43
53
42
49
888
42
40
49
45
54
41
44
43
44
63
45
60
66
46
44
151
83
207
53
64
45
52
70
45
45
134
49
121
339
53
56
48
50
46
59
45
57
97
65
43
42
55
45
41
48
48
101
119
45
85
58
44
43
47
40
59
42
121
48
45
56
45
46
42
47
94
80
93
58
45
46
40
60
56
42
43
42
64
45
45
50
765
146
83
99
91
92
232
102
103
133
92
107
83
75
210
105
101
102
200
113
166
63
171
72
81
87
148
85
89
79
85
88
321
91
118
145
106
99
114
137
230
93
103
106
199
102
159
93
112
112
83
115
96
117
94
121
110
116
189
121
96
91
213
126
608
133
251
160
137
126
215
136
169
171
148
148
143
128
124
114
134
120
112
119
123
131
233
149
123
164
128
124
236
133
201
122
537
138
110
139
129
134
149
154
240
163
137
167
1095
136
238
149
207
139
240
170
135
168
127
148
133
144
139
159
119
225
184
158
567
165
156
950
223
153
140
147
145
146
151
152
162
159
168
292
244
150
234
194
255
173
163
229
263
170
242
205
156
148
229
210
403
169
178
243
276
224
454
290
397
388
214
215
210
227
468
232
181
175
171
212
152
180
169
218
158
219
150
182
164
168
147
197
678
191
223
232
194
201
187
224
322
200
179
259
195
369
233
210
204
189
190
239
232
280
93
307
186
179
225
239
150
194
190
182
1080
193
204
253
196
187
307
190
148
156
169
196
178
174
189
179
196
187
149
192
255
196
172
166
181
367
204
189
200
376
220
227
527
202
203
221
189
182
204
201
394
223
189
307
197
199
209
218
179
212
217
227
191
209
212
224
196
309
198
224
224
305
220
331
483
259
180
379
206
306
202
248
213
219
186
250
193
208
201
202
180
229
233
259
218
212
199
265
225
337
237
252
209
241
209
230
234
367
237
207
207
188
180
220
197
194
196
211
183
374
202
214
249
213
185
223
214
223
209
233
228
222
194
463
202
214
221
400
168
206
196
228
242
198
189
238
203
206
345
193
214
222
150
211
174
199
164
237
191
385
276
332
188
190
182
175
160
229
208
178
185
151
150
252
375
229
166
321
172
177
160
172
152
209
157
190
193
183
162
446
169
323
170
167
155
195
190
160
163
398
493
285
226
351
182
223
199
336
359
188
152
238
172
426
158
184
153
176
143
261
167
177
141
255
144
259
159
176
149
155
134
275
148
145
150
174
405
161
282
281
172
168
173
288
146
163
157
280
159
265
246
155
191
285
195
249
159
282
158
198
172
159
165
283
179
170
157
285
171
190
158
299
174
197
153
177
170
163
163
166
199
171
177
206
111
171
176
283
180
183
186
328
225
176
157
264
175
194
154
331
173
171
163
285
168
195
243
370
343
236
184
207
174
171
167
291
181
175
174
316
154
180
157
321
164
163
180
362
167
242
157
181
175
180
184
293
165
310
164
617
362
184
234
208
341
199
321
267
429
174
182
334
143
167
158
396
168
173
169
273
196
176
177
291
146
266
146
308
210
164
193
201
308
157
145
290
148
267
156
329
177
139
157
236
128
160
150
148
140
160
136
238
148
141
148
187
140
157
142
123
138
136
125
227
131
129
140
149
122
158
128
279
141
218
134
186
138
145
303
183
124
169
163
203
144
236
86
159
132
126
181
124
129
159
132
230
144
165
140
145
139
137
121
122
137
142
131
151
135
132
146
283
111
115
117
138
111
115
106
137
100
127
111
140
112
112
138
159
100
107
199
153
104
122
104
134
118
124
116
116
129
117
124
123
132
134
124
178
142
129
248
155
106
430
123
111
110
98
138
88
122
101
131
132
317
148
143
140
215
147
131
121
138
126
124
96
158
97
108
106
219
112
105
75
69
117
87
82
80
82
83
94
87
76
82
78
82
86
75
93
75
98
84
290
73
61
64
82
190
62
118
70
58
77
145
102
59
83
140
93
75
60
74
68
80
102
66
69
100
123
72
66
101
60
68
66
74
81
98
71
85
111
56
56
55
60
52
65
72
76
51
61
51
98
63
53
59
62
52
62
116
72
70
60
53
54
110
64
55
75
52
56
54
83
142
70
54
82
61
58
50
195
139
56
137
87
185
53
55
58
61
52
54
81
63
59
51
54
50
49
154
75
58
68
62
92
56
85
66
72
54
68
128
60
54
51
70
134
53
54
122
218
66
58
67
61
130
61
61
94
111
62
213
53
109
82
71
79
68
55
146
60
110
58
127
51
149
75
56
64
221
118
179
84
340
105
134
51
139
59
1
68
62
65
151
69
54
56
83
89
71
81
62
93
67
68
56
76
123
50
143
120
127
49
57
59
100
156
154
119
116
67
204
73
133
66
53
57
54
49
46
65
53
66
183
64
188
54
107
66
144
68
161
92
74
54
170
68
52
57
146
74
63
62
121
71
64
59
58
127
50
58
137
86
133
302
78
89
90
89
187
235
191
82
205
156
72
120
320
130
83
156
151
99
176
70
92
164
76
81
170
143
82
79
94
81
79
448
195
130
114
98
221
125
124
156
165
112
146
126
163
119
109
150
127
111
100
91
385
115
215
102
98
111
188
126
111
103
105
479
120
140
132
124
139
132
196
173
385
158
184
244
157
235
142
153
167
115
306
118
128
115
116
236
123
139
130
226
140
131
139
522
181
160
713
142
152
207
151
144
165
205
170
142
161
143
160
146
162
160
266
139
152
153
148
150
155
185
143
151
144
176
141
2143
191
113
215
196
188
251
196
173
208
199
155
166
162
183
171
158
153
236
251
113
189
171
174
249
173
351
238
152
164
459
183
624
189
204
244
213
185
180
214
189
200
349
160
415
168
169
171
168
188
172
227
398
182
179
187
175
171
284
189
181
160
162
160
512
225
442
244
277
234
195
190
284
205
180
185
343
173
204
202
191
204
349
205
170
198
192
213
178
210
354
263
197
201
199
275
788
190
183
211
355
229
198
191
210
225
179
220
225
199
224
241
235
248
259
225
220
197
211
281
188
349
280
256
228
186
212
212
774
227
230
206
252
229
408
203
257
175
200
176
179
357
201
222
199
215
333
213
322
214
204
217
203
201
194
232
198
1
246
199
481
203
340
206
378
204
310
217
247
209
287
240
186
208
220
213
217
193
225
185
323
0
218
196
328
190
256
204
342
195
304
180
183
195
204
192
250
204
366
337
477
223
194
178
479
170
192
180
315
169
176
171
310
257
299
183
617
197
194
196
231
172
202
180
291
182
293
187
175
178
177
168
203
138
168
170
288
223
318
170
232
178
189
180
685
200
195
207
330
190
174
169
232
336
724
190
288
157
223
171
256
160
297
153
291
175
251
168
566
163
293
172
290
168
151
149
245
161
281
160
277
169
158
164
206
170
170
173
1238
158
172
161
191
173
145
150
286
188
322
173
565
258
247
168
279
174
329
225
259
159
174
160
172
159
255
163
272
169
253
155
617
172
279
275
283
186
271
171
254
156
238
174
163
156
158
160
166
151
348
164
161
174
310
156
319
158
488
147
313
172
165
196
363
166
313
162
259
174
296
164
182
180
410
178
354
178
313
163
200
149
251
198
185
165
149
173
256
161
274
252
199
281
289
182
420
154
1505
205
188
203
311
324
364
693
241
173
229
144
152
146
289
163
236
139
187
148
222
144
286
139
208
161
267
159
150
149
158
148
182
174
185
181
169
178
351
209
505
321
151
162
208
153
313
141
203
156
288
159
124
106
108
141
245
142
353
172
183
172
130
148
126
169
137
130
205
153
128
119
237
190
127
132
118
150
135
140
119
136
116
135
170
146
157
280
215
121
109
123
241
141
217
111
110
108
121
130
128
113
114
110
125
114
119
133
116
110
105
110
114
127
104
119
133
118
142
167
111
104
99
125
203
127
146
125
189
112
110
120
113
111
106
107
116
113
129
139
123
103
140
127
124
119
120
125
321
100
146
114
95
85
81
102
98
87
98
90
178
115
87
85
129
82
88
92
180
89
91
90
196
107
93
92
171
92
96
80
92
96
91
87
85
89
82
86
125
100
229
73
86
75
68
85
102
92
75
95
87
125
90
89
99
93
98
89
100
95
76
181
173
80
92
151
91
213
60
61
78
61
63
77
61
63
71
66
56
58
76
64
76
60
62
77
73
57
170
67
99
67
66
52
93
62
52
133
56
55
73
62
80
54
55
132
53
70
62
54
79
56
55
152
58
63
58
55
78
56
52
74
68
378
79
59
103
91
129
126
67
107
73
52
71
81
58
55
64
84
70
129
180
65
56
54
53
60
50
51
69
150
69
104
76
89
65
62
91
115
63
190
82
164
50
57
64
57
57
140
61
120
84
56
51
60
57
130
49
52
58
147
63
145
61
140
76
138
135
56
46
101
124
55
59
111
126
100
58
148
75
51
60
69
48
55
50
116
53
137
62
143
52
127
68
55
63
78
62
56
59
63
89
174
51
173
54
57
137
57
53
57
52
163
49
167
68
69
51
109
69
103
53
136
85
125
58
55
50
111
52
68
55
123
71
107
68
108
72
105
71
125
66
141
92
55
57
60
64
175
50
118
51
166
60
125
86
71
50
65
111
126
57
65
58
65
57
136
126
145
62
142
109
158
62
160
104
158
59
1107
95
138
80
196
76
174
75
129
68
152
90
126
101
183
94
200
92
89
110
197
135
213
113
209
98
235
96
192
92
222
97
388
140
233
119
239
120
104
98
227
137
93
96
113
103
109
105
171
94
210
99
201
172
194
97
183
103
98
103
105
117
96
110
1133
195
231
131
231
133
209
142
155
110
278
118
200
106
184
106
201
133
137
126
187
122
205
136
142
141
129
113
155
108
144
314
2117
205
145
180
173
136
129
145
188
160
133
141
144
137
150
196
124
156
145
150
247
136
189
158
207
134
143
150
134
222
281
179
437
175
170
185
169
181
156
189
168
165
195
163
144
159
144
145
297
132
138
136
116
114
128
124
136
125
139
142
147
133
139
132
389
191
163
168
161
155
178
174
181
176
160
245
163
146
152
155
145
151
157
186
168
142
129
167
146
155
148
213
171
156
156
169
581
188
178
204
168
183
170
256
178
208
167
287
169
164
148
160
146
160
390
177
166
175
170
172
168
183
182
230
174
313
173
205
716
190
201
194
192
205
160
185
178
207
198
307
218
204
203
377
177
171
156
194
159
176
170
228
192
206
170
180
176
178
173
217
574
218
223
0
184
206
179
190
234
219
332
176
200
229
224
218
179
199
197
230
189
188
201
213
213
191
189
179
181
198
179
245
409
198
195
261
217
237
227
225
215
260
232
253
205
572
241
234
237
220
238
239
247
242
208
217
268
261
248
252
147
254
220
254
256
260
192
240
212
140
222
387
205
290
196
211
213
244
200
455
211
222
189
206
195
231
210
219
187
213
343
253
204
205
199
204
211
219
246
179
186
197
199
211
205
233
209
344
204
200
182
186
206
204
187
195
172
182
163
181
199
191
199
221
195
183
184
202
178
228
194
220
203
214
185
209
227
218
220
258
392
191
184
199
189
287
173
192
161
214
170
193
191
212
182
215
200
194
186
228
199
340
195
176
183
187
221
182
172
179
164
159
172
178
170
211
225
268
180
238
237
213
192
213
188
193
299
212
187
392
167
173
198
177
184
218
260
187
188
156
186
200
170
182
185
172
169
164
192
295
162
330
167
203
235
284
178
246
161
214
211
196
207
188
184
199
191
349
227
201
185
196
179
203
185
189
184
284
196
311
175
423
176
297
143
150
148
154
134
178
93
306
151
174
283
314
251
263
142
159
141
145
138
248
149
276
138
256
137
167
174
301
171
304
164
275
161
268
166
179
175
187
152
169
197
195
223
148
131
174
172
131
151
272
152
186
193
286
176
296
138
185
166
236
192
317
175
304
156
342
169
381
174
310
164
261
148
150
194
176
158
233
227
286
174
145
282
152
117
140
132
139
146
137
134
161
127
200
140
165
129
133
136
187
117
121
139
177
139
126
129
117
129
154
132
152
142
176
155
125
129
230
128
161
146
162
124
139
129
155
115
130
123
165
136
144
134
131
125
169
131
141
154
126
129
140
128
243
105
121
131
129
156
124
111
121
117
116
109
117
107
113
207
121
111
114
114
132
114
122
245
91
109
105
98
107
102
96
103
113
110
113
106
105
134
105
100
108
357
144
102
113
125
105
183
105
136
127
115
144
133
126
101
112
110
108
103
110
103
112
130
115
116
224
97
143
94
96
88
118
195
188
99
125
100
106
181
93
86
89
111
107
101
135
96
101
94
113
98
97
95
116
175
103
204
98
192
105
754
80
141
94
145
82
88
73
92
86
80
108
91
101
92
135
104
76
77
103
152
136
274
114
65
73
95
51
49
47
57
50
47
60
51
49
115
53
54
58
65
53
65
51
54
52
140
80
73
51
59
81
51
54
54
55
60
72
69
160
111
52
58
55
59
52
135
62
145
59
66
56
64
67
56
155
172
61
61
67
125
63
144
62
142
63
180
69
111
66
170
64
63
67
50
109
129
69
79
61
175
79
165
70
53
53
55
51
74
52
68
58
56
57
95
108
59
50
148
121
134
61
146
58
72
55
63
67
66
65
59
71
54
72
51
134
55
63
56
64
56
61
49
66
50
69
109
75
137
146
124
56
58
66
79
119
129
53
108
58
136
157
112
55
133
67
126
60
76
51
63
56
137
50
60
53
90
61
113
133
55
58
53
105
168
52
49
48
51
50
49
52
54
50
81
58
61
57
49
52
57
51
52
48
117
58
55
52
54
55
51
57
61
56
58
46
56
70
131
49
49
67
124
67
117
53
52
57
147
66
51
66
85
74
67
124
59
61
70
75
60
49
71
58
56
50
59
68
130
52
64
64
60
73
1042
91
94
86
92
87
96
81
80
79
90
75
78
110
199
82
76
88
169
78
93
84
76
76
98
166
97
87
92
91
178
108
378
114
170
111
178
108
102
108
214
117
99
99
114
215
91
95
108
111
123
96
120
103
119
102
96
121
125
121
113
114
107
110
428
121
129
124
118
123
111
108
125
124
151
134
126
167
124
119
127
132
237
133
137
135
136
119
125
158
146
132
137
142
127
120
636
178
197
171
150
152
159
203
154
151
201
147
138
146
145
147
122
157
147
154
139
126
134
120
163
139
132
136
303
137
116
110
654
133
150
154
133
138
162
145
149
137
149
145
150
152
148
180
294
136
131
149
123
128
122
142
150
127
168
139
120
134
142
142
440
159
185
220
141
139
155
301
138
139
144
136
146
160
118
160
136
127
141
161
176
209
145
177
138
141
133
124
129
124
168
154
419
182
165
176
153
163
139
232
167
154
151
150
167
182
173
181
158
163
315
166
141
159
144
232
163
141
146
274
171
167
159
141
915
277
157
173
165
164
148
178
165
136
163
159
433
157
132
139
175
160
151
139
178
156
154
142
146
138
138
143
161
141
128
144
748
158
185
166
144
165
196
267
197
287
219
289
180
196
174
194
174
169
185
163
170
296
168
181
235
212
201
172
261
290
172
214
817
274
227
216
178
195
198
179
231
238
196
319
191
200
190
301
208
176
172
192
208
197
195
186
222
514
219
202
225
204
208
183
208
205
203
330
173
324
183
293
313
279
176
177
253
201
185
211
259
207
166
185
246
194
193
309
181
187
185
325
247
187
177
193
319
194
193
202
206
314
175
191
179
201
175
169
218
192
178
393
206
297
195
318
207
193
187
181
226
259
185
377
411
197
223
287
233
176
168
279
182
192
162
193
202
183
204
295
363
318
148
318
231
154
162
155
256
282
159
174
281
252
158
173
255
175
151
260
238
253
184
160
243
168
152
187
243
160
140
297
195
145
152
153
195
152
146
254
189
180
158
168
249
254
164
280
207
196
195
231
208
146
160
144
207
168
142
257
244
277
146
152
189
164
167
189
143
150
157
150
163
158
161
276
251
188
173
345
281
281
163
273
250
171
140
301
201
165
154
172
160
273
160
287
165
167
165
288
181
193
110
164
185
160
155
155
155
172
159
145
195
160
172
297
184
153
143
159
156
149
142
163
279
147
139
147
138
134
140
154
177
144
184
145
189
158
146
152
243
143
175
153
172
143
275
142
264
150
135
159
224
144
151
141
140
133
146
139
399
157
141
128
135
141
137
144
157
152
124
150
129
159
119
151
216
158
136
155
177
136
139
159
275
122
146
131
239
141
241
115
135
131
115
133
211
122
230
128
146
130
123
117
159
142
236
116
135
107
107
125
102
101
116
102
129
138
125
110
245
99
98
105
112
101
99
120
232
177
121
117
221
124
98
95
96
103
243
102
160
113
211
107
191
260
112
103
93
97
198
164
97
89
83
99
210
95
98
87
130
96
85
96
96
97
195
106
194
94
79
87
199
89
89
90
269
101
86
99
136
102
93
96
172
94
127
93
205
99
99
84
131
98
108
90
144
110
193
88
184
89
184
104
128
105
98
93
209
97
101
90
92
108
112
89
141
117
101
99
244
108
83
97
112
110
93
287
164
81
165
71
93
86
75
67
150
74
69
74
131
71
85
82
117
75
173
77
179
81
129
67
109
75
83
78
94
72
75
95
197
76
78
79
71
93
83
94
183
338
189
65
165
81
74
74
88
74
80
74
155
73
68
75
141
88
179
75
199
93
187
90
167
72
207
70
283
94
77
77
1298
70
79
79
77
82
85
79
184
72
199
116
186
93
77
87
66
71
176
90
111
94
202
66
80
98
138
75
191
68
199
83
99
77
204
70
221
88
179
105
251
135
182
75
195
84
164
73
205
90
76
85
203
77
185
80
174
83
73
83
205
77
176
76
129
90
75
80
126
75
83
75
110
79
68
73
95
75
83
84
98
97
163
71
168
74
183
76
131
74
90
72
74
317
117
52
119
64
51
63
81
52
139
57
59
59
131
52
94
63
56
55
157
63
127
56
105
63
47
68
343
63
159
51
154
60
108
63
87
58
62
50
70
52
118
49
150
60
109
53
87
54
110
50
87
67
88
54
99
56
49
70
94
47
125
57
71
52
150
53
103
66
159
73
554
70
76
90
71
83
66
76
166
56
107
54
89
52
153
61
144
53
146
61
91
61
62
66
63
53
58
54
67
66
62
56
69
66
73
53
87
63
62
67
89
59
59
69
99
65
67
56
74
52
75
66
97
91
52
57
104
52
55
67
74
72
54
59
71
63
54
55
57
53
67
58
67
54
91
65
74
65
65
55
114
61
68
60
118
64
85
53
89
63
66
76
79
64
52
84
59
61
66
76
105
70
54
70
74
67
81
63
94
59
55
57
71
58
55
58
74
60
58
111
97
54
59
55
66
89
70
60
68
78
54
67
77
57
67
57
71
53
60
56
100
65
75
56
72
103
58
56
128
92
55
71
111
63
65
147
115
54
60
54
56
365
103
99
128
89
100
91
132
234
92
78
84
76
78
80
118
88
88
78
78
84
74
105
149
107
96
115
143
93
82
80
97
347
108
104
107
116
107
125
103
116
115
119
201
105
120
109
123
107
120
123
171
121
114
127
152
100
117
220
119
108
143
102
103
582
128
136
122
169
128
108
159
138
120
225
212
124
134
116
132
152
145
261
134
156
137
146
207
164
143
265
140
141
135
137
140
545
292
110
127
131
132
158
186
111
106
123
122
155
115
186
131
134
136
158
196
224
118
124
277
139
132
238
444
127
110
166
139
381
133
243
219
102
126
141
137
251
146
201
214
177
154
143
188
129
137
119
134
137
142
299
136
170
142
200
212
230
137
203
147
436
146
142
156
291
155
243
211
175
196
176
199
375
185
302
171
164
188
281
222
165
178
166
155
181
170
202
210
163
186
355
190
1518
202
230
218
259
154
358
175
168
181
369
188
205
206
254
233
307
139
225
171
149
126
258
164
156
152
147
139
231
131
144
202
373
174
272
170
423
229
158
151
249
192
241
185
271
162
240
135
234
225
152
157
133
162
222
128
360
157
304
176
150
179
246
184
1423
174
179
347
143
179
155
157
271
220
136
137
237
203
288
169
268
572
155
159
280
211
285
157
240
306
149
150
184
173
220
162
1493
294
291
172
282
214
295
180
265
169
302
173
179
607
146
153
251
166
192
173
246
154
159
157
262
158
170
286
294
195
0
166
274
153
278
274
170
168
265
202
241
185
254
218
299
166
262
176
278
154
252
506
159
152
162
302
195
173
199
205
180
152
146
184
138
165
131
2634
176
184
193
181
173
144
198
167
156
153
271
266
160
146
142
197
166
150
187
175
167
166
158
161
330
141
129
148
166
172
168
221
148
128
132
131
153
134
112
116
157
135
157
193
164
170
160
166
145
135
127
148
145
152
144
163
149
184
134
156
146
156
136
255
147
142
150
249
138
156
128
157
120
132
143
143
141
140
147
226
132
138
138
138
127
150
140
159
138
282
129
128
137
163
129
176
131
137
126
127
122
122
125
211
288
143
125
174
133
140
131
135
144
118
261
134
114
116
399
135
104
117
92
132
134
122
110
109
111
110
135
112
106
99
132
250
89
95
120
111
119
125
119
121
111
101
92
124
87
87
83
108
82
132
104
161
76
100
93
95
95
84
84
147
103
81
86
102
79
100
97
91
89
100
91
125
87
89
95
159
87
259
64
90
136
155
66
86
78
85
67
106
68
70
75
101
63
62
76
107
72
69
63
64
60
86
57
74
65
105
60
94
60
74
61
71
56
80
68
73
74
67
68
62
172
68
61
90
58
59
62
57
67
64
56
86
68
112
59
87
56
57
58
74
67
153
72
60
71
58
64
113
55
59
57
67
65
154
69
116
62
159
63
99
66
144
59
114
58
83
63
128
157
131
61
94
80
57
63
178
67
77
73
78
87
119
83
132
91
54
70
122
64
128
65
137
83
64
62
68
63
133
54
53
53
147
83
134
60
67
69
59
72
56
63
161
64
139
75
148
57
61
71
144
70
64
81
105
71
59
71
110
56
79
61
60
60
57
58
173
58
76
67
3567
94
153
67
66
66
70
74
88
56
77
87
152
94
60
70
79
116
65
57
65
83
140
56
66
135
74
60
60
74
59
62
72
64
101
74
63
146
133
63
80
84
95
59
142
58
59
73
64
70
105
68
59
59
78
66
66
65
58
61
131
78
94
60
62
62
65
55
67
72
389
87
96
100
107
147
87
84
85
102
98
95
92
121
104
94
143
99
116
107
135
100
183
92
94
88
107
106
107
90
104
98
438
151
120
117
116
112
294
99
91
90
87
91
122
86
185
97
83
91
103
96
127
96
125
97
168
92
97
105
125
102
96
111
560
131
125
121
121
124
118
119
245
171
131
106
109
110
114
119
194
155
109
228
167
85
125
129
127
111
94
100
76
80
111
95
1032
131
112
119
105
105
136
120
204
125
4577
122
123
112
115
115
126
117
160
136
97
95
127
116
120
100
116
118
126
118
125
132
395
151
129
136
200
152
153
133
179
143
122
180
251
138
128
189
131
132
157
194
270
117
133
104
109
105
104
108
98
102
89
126
357
132
152
136
169
152
175
144
130
135
104
111
118
131
126
149
127
130
110
117
122
117
131
134
137
305
162
131
199
124
125
126
376
167
140
162
140
147
123
152
156
146
141
199
138
179
174
143
143
147
147
139
171
176
153
159
143
130
133
139
163
139
146
154
395
153
207
183
216
150
165
171
148
295
160
150
152
167
138
135
127
131
139
142
122
122
139
131
132
147
147
231
166
234
159
155
736
181
164
199
155
161
153
159
148
139
183
194
164
170
172
319
137
148
157
142
169
149
155
134
149
148
173
148
173
134
134
129
400
202
155
160
179
219
186
257
175
209
177
163
144
133
155
240
190
184
295
178
172
294
161
207
149
163
173
241
155
130
177
154
136
157
172
229
156
193
148
309
158
162
151
179
151
280
165
153
144
158
150
156
179
177
157
150
201
171
170
161
183
312
141
242
153
248
171
221
179
258
143
315
230
154
158
170
155
233
217
248
212
250
125
145
192
150
160
275
238
180
160
275
191
329
146
294
155
390
207
279
156
311
188
281
164
172
162
148
183
156
171
293
141
296
162
282
257
162
144
258
149
168
151
103
171
290
145
279
147
239
146
268
142
190
172
258
455
160
1328
409
211
150
158
294
157
272
180
510
278
144
163
241
154
150
126
134
143
137
124
141
150
203
160
134
120
148
222
263
146
218
134
110
124
234
131
276
118
277
143
233
175
255
129
207
151
243
139
178
142
128
122
139
136
255
124
256
152
261
144
311
150
151
157
153
159
163
161
146
138
211
137
288
381
350
220
160
161
161
196
154
167
247
300
288
179
291
171
280
156
152
165
270
139
255
159
321
131
134
111
209
128
126
175
158
124
117
124
142
249
123
109
227
235
115
133
137
125
123
115
184
809
128
89
118
115
104
111
101
99
92
89
108
96
104
95
98
228
79
80
92
96
78
83
75
77
81
77
83
97
141
81
84
122
101
101
89
104
88
101
80
247
66
67
63
73
58
57
91
60
70
64
86
71
67
73
70
71
77
97
67
77
67
167
75
68
64
108
123
65
74
91
96
82
64
74
68
86
66
334
68
74
66
115
70
79
63
68
83
77
71
64
78
67
60
63
88
70
63
72
71
81
72
137
66
81
69
65
63
83
75
69
63
73
64
65
62
76
64
70
82
84
91
67
79
69
87
80
84
125
62
71
65
91
64
74
65
69
63
64
87
74
62
179
60
72
68
62
72
71
69
73
70
66
60
67
73
60
66
86
68
66
94
70
71
99
76
98
61
64
65
67
85
87
63
73
73
92
71
77
73
96
69
124
63
69
72
97
67
65
93
72
74
64
71
64
78
66
65
64
63
80
75
82
65
78
69
99
69
79
71
68
65
68
82
71
77
74
79
78
74
71
67
66
72
157
82
75
64
63
76
79
58
143
67
105
69
431
90
1383
73
72
69
104
82
61
56
89
64
67
66
150
66
61
65
176
69
67
90
82
67
69
57
68
73
108
63
74
65
117
67
71
66
341
98
113
104
206
86
149
102
109
91
98
103
189
128
99
149
202
119
82
94
165
119
83
111
194
97
85
92
210
103
162
122
1441
121
126
115
247
132
124
130
191
133
114
110
205
127
106
110
204
112
112
126
131
121
111
117
116
243
103
100
101
95
169
94
1331
122
230
108
220
119
111
136
219
111
106
130
223
121
106
113
257
120
197
109
201
122
175
119
247
121
142
240
406
102
138
94
992
165
129
113
110
115
255
133
245
114
116
131
237
123
141
126
256
141
117
126
336
128
145
146
251
125
127
135
226
116
236
134
1111
138
136
161
242
173
157
155
241
256
196
127
223
139
145
180
233
149
234
144
199
124
169
136
162
148
132
139
160
148
213
268
352
136
148
149
130
135
127
138
178
148
150
122
220
136
133
326
139
145
239
176
162
138
179
193
122
156
130
143
118
126
115
141
418
162
159
161
186
137
137
144
128
245
147
139
149
195
153
153
147
139
132
169
167
153
181
162
159
164
136
142
168
188
287
150
943
171
181
172
219
265
157
153
161
184
159
172
177
192
178
183
159
166
190
172
162
150
142
189
177
166
275
174
211
182
151
285
912
189
191
200
179
180
170
178
154
176
177
181
194
184
167
178
197
393
186
212
208
264
208
190
216
209
183
183
643
193
185
164
831
187
168
253
194
208
188
178
162
164
154
184
219
398
155
176
164
211
166
335
184
257
160
162
178
294
187
176
182
376
173
162
167
172
166
162
208
233
224
183
197
192
179
185
183
339
234
302
152
320
168
159
164
176
153
167
162
295
168
168
155
267
290
162
145
168
172
407
157
151
157
271
136
151
146
271
158
281
289
359
172
195
157
360
146
274
178
260
281
144
142
274
140
130
115
124
124
176
170
169
128
317
133
235
138
336
121
135
154
134
130
242
165
153
137
199
141
149
124
127
123
191
143
268
190
322
119
251
133
143
155
151
180
306
144
164
137
235
148
136
135
150
128
220
131
295
132
125
121
557
111
212
123
143
125
260
116
257
132
283
114
142
125
115
118
104
140
234
158
229
123
275
107
137
102
149
102
165
125
351
116
299
211
126
105
126
114
205
115
448
119
101
99
115
95
242
108
154
90
202
75
99
72
80
74
192
85
167
73
76
67
63
68
80
72
134
72
166
77
106
83
183
73
73
63
86
94
159
79
76
81
131
62
131
65
62
70
142
73
153
62
183
75
137
71
172
75
126
76
135
75
185
72
222
94
163
74
203
73
133
73
70
108
168
67
163
90
135
74
180
76
136
72
226
73
64
101
154
112
147
66
179
80
176
65
155
85
218
81
82
64
130
99
78
73
216
93
183
66
163
73
308
66
74
81
104
92
176
64
234
62
78
68
179
72
66
65
102
93
147
64
103
64
63
70
175
63
111
73
120
77
1
63
172
73
169
70
157
60
84
65
91
65
92
64
147
68
121
69
141
74
164
71
141
75
70
85
112
125
96
61
133
188
65
58
82
69
82
55
64
62
65
55
65
53
143
55
70
84
70
61
83
194
69
65
76
58
55
59
115
63
56
91
72
61
55
74
86
96
66
71
68
64
69
68
102
72
78
66
107
89
81
65
64
84
63
64
89
70
76
147
373
166
75
62
122
65
435
91
96
93
93
107
114
99
103
91
115
123
111
94
91
99
103
116
133
111
90
102
100
111
99
94
116
138
109
93
91
92
433
112
120
229
129
130
106
101
86
107
124
135
134
133
178
114
120
122
201
124
245
117
101
93
103
106
80
90
94
91
165
88
435
140
210
176
124
125
111
113
130
130
162
334
142
137
152
175
127
146
153
132
112
115
137
136
119
151
121
155
122
104
108
101
648
126
193
128
130
111
224
121
144
153
208
140
124
129
218
184
123
119
204
250
117
101
137
112
101
132
132
122
131
139
115
104
424
149
165
286
134
139
156
137
134
154
121
124
120
143
162
140
156
169
142
153
155
145
158
152
186
137
151
132
139
156
141
144
433
174
162
187
146
132
152
134
179
179
140
148
160
149
214
160
173
157
186
157
157
158
168
154
130
152
159
134
164
192
157
199
398
167
231
215
152
161
168
156
181
182
185
187
179
212
195
185
187
187
197
203
201
186
271
147
322
165
247
385
171
243
155
164
685
231
270
190
212
430
205
218
183
492
249
274
319
433
199
180
161
172
207
175
187
187
196
176
154
200
171
168
179
199
161
199
476
199
174
220
166
215
196
168
176
325
250
219
176
277
205
211
186
190
176
175
174
301
164
168
156
172
156
165
157
203
181
147
412
267
145
251
153
165
203
181
155
186
203
174
193
203
184
180
175
436
238
169
177
183
176
253
196
193
185
293
205
340
169
259
303
160
175
194
165
186
192
202
193
190
214
227
187
277
207
303
195
318
168
311
199
192
200
169
183
198
155
319
249
187
165
373
183
182
179
485
190
193
179
253
191
158
193
172
252
152
149
246
154
161
164
244
212
171
156
153
177
164
146
274
180
161
151
180
202
271
205
199
187
237
148
143
151
259
110
216
120
151
131
159
168
129
134
216
155
201
130
113
134
159
113
117
174
140
125
150
131
140
147
129
130
256
121
131
137
135
137
294
176
128
121
137
115
133
122
181
146
163
132
159
183
145
133
127
131
142
143
181
146
293
106
111
118
224
103
106
114
129
215
160
130
130
119
108
137
130
200
114
130
121
198
128
112
123
100
119
111
109
139
118
128
123
125
126
131
107
108
98
107
117
149
148
154
137
106
102
104
108
112
146
127
106
110
102
149
99
103
111
103
118
120
120
116
125
142
108
211
113
103
120
112
98
121
116
159
104
129
113
133
107
116
121
127
107
234
88
99
103
100
80
111
151
85
90
127
103
93
103
489
106
96
102
93
103
87
107
161
105
115
100
152
109
111
123
115
126
121
90
132
92
104
90
132
113
93
113
123
107
100
260
105
97
118
122
95
111
109
95
144
101
108
101
139
103
98
127
106
109
103
98
106
99
111
109
105
102
110
122
198
120
107
115
107
137
104
113
149
136
125
302
161
107
110
133
114
104
146
178
151
113
123
115
147
166
118
121
226
110
188
104
97
117
122
140
143
97
91
105
161
98
99
109
95
95
193
116
189
107
118
114
102
110
216
109
130
114
109
112
200
132
95
111
240
91
120
146
186
144
196
171
112
114
218
118
111
130
153
119
156
89
132
126
246
123
226
104
250
100
162
94
240
105
110
97
235
123
170
88
191
103
181
109
212
124
188
94
114
102
98
101
170
122
115
110
188
122
139
115
120
96
98
137
176
93
129
113
180
101
191
219
249
92
332
104
256
96
231
100
491
101
249
102
104
106
195
104
248
103
110
127
228
125
211
112
175
107
172
98
174
110
178
105
232
101
221
112
186
110
212
129
233
200
104
100
212
114
208
111
163
98
159
107
176
103
111
122
91
111
97
104
266
96
186
100
130
128
94
114
187
123
171
127
243
95
105
87
95
90
101
104
241
352
99
87
175
109
178
214
110
124
175
90
149
94
163
278
98
220
91
99
226
113
152
99
169
102
178
100
163
100
205
112
103
93
82
101
145
120
103
169
154
96
102
87
172
98
184
99
167
87
107
176
93
103
91
365
97
116
99
142
91
93
113
85
88
85
100
101
86
92
86
192
128
125
85
94
95
158
92
86
94
96
127
99
110
87
103
95
92
102
131
109
93
96
105
173
85
108
93
92
95
104
121
102
90
103
136
126
93
82
138
156
104
85
114
87
105
89
90
108
90
190
162
108
92
88
153
90
98
110
89
96
98
87
142
141
85
84
122
86
81
130
138
100
90
111
77
92
87
114
84
107
103
89
91
106
93
95
94
258
105
173
144
93
104
106
130
106
94
98
136
89
99
95
97
87
105
109
88
114
93
91
166
100
91
93
114
99
90
84
88
84
90
109
101
94
120
79
116
90
88
78
111
88
97
97
93
84
78
93
81
80
101
106
131
161
85
95
124
100
97
86
157
87
93
100
111
83
83
89
113
154
93
87
146
90
91
85
120
97
87
79
84
81
94
92
123
91
90
90
198
91
82
91
87
93
103
128
150
104
103
98
100
103
108
101
97
94
96
95
136
128
115
106
134
115
134
131
145
265
116
209
101
87
82
108
90
106
105
85
152
110
93
102
136
105
96
92
82
114
102
94
115
86
94
91
86
82
92
187
103
101
91
181
85
106
79
142
87
87
114
210
91
115
99
195
117
84
91
109
94
253
96
179
116
95
117
200
138
91
107
110
101
197
99
88
108
98
80
163
85
300
87
99
98
113
96
96
90
172
144
203
88
110
146
114
158
101
118
121
101
99
93
105
103
118
83
104
97
91
94
195
104
95
110
90
92
91
110
217
101
114
98
99
114
89
86
182
94
208
95
198
93
114
85
86
90
184
80
90
86
189
81
191
121
97
81
176
94
96
82
188
117
97
77
181
119
119
94
159
126
183
97
92
154
106
89
169
121
192
83
171
121
185
90
105
125
191
92
225
95
90
88
103
88
120
188
233
95
189
99
202
109
188
101
167
100
188
92
178
133
120
106
100
93
222
127
184
101
229
102
189
104
178
96
174
97
237
102
174
130
85
97
118
90
118
96
113
108
98
93
228
129
197
87
169
122
182
103
100
92
277
91
100
106
194
89
249
104
382
96
70
99
97
91
99
93
94
87
92
104
172
106
192
84
96
85
173
127
106
91
100
99
123
101
139
227
159
85
178
100
104
87
94
116
96
191
110
97
99
93
93
83
83
92
96
87
78
158
87
107
90
195
90
123
93
84
99
219
92
93
114
210
89
178
111
145
102
172
155
80
122
204
118
103
105
167
118
93
281
178
91
162
116
85
89
220
89
83
84
85
90
90
91
171
83
203
86
154
97
102
92
157
79
89
88
123
88
98
105
167
100
94
107
175
88
85
102
184
371
257
106
253
88
119
91
178
86
92
80
81
80
89
96
157
84
85
91
194
82
128
128
107
97
129
87
218
81
119
93
96
88
94
101
114
87
115
95
93
89
105
100
92
91
96
92
91
94
119
92
89
86
119
90
85
81
106
111
106
80
95
95
78
89
92
86
86
98
112
188
105
136
130
94
96
90
94
109
93
122
160
112
129
92
90
99
89
88
137
95
93
102
107
96
206
93
150
133
99
116
140
110
132
105
113
110
103
111
114
121
103
99
92
83
82
92
113
109
112
112
192
102
186
90
99
104
109
90
84
125
90
113
98
90
242
105
208
101
119
81
91
98
112
91
98
120
100
126
129
98
142
125
121
103
109
95
101
89
234
91
169
89
187
94
92
100
99
81
99
94
247
115
100
98
92
85
83
88
147
86
95
102
83
94
125
99
234
106
199
100
202
101
222
104
138
86
157
104
202
106
168
112
177
101
104
142
164
96
202
103
89
124
201
139
97
116
84
102
195
91
164
124
185
89
212
103
88
101
175
113
115
98
225
105
124
94
266
94
107
141
217
96
122
103
218
112
168
94
207
92
89
100
259
100
115
113
190
99
122
98
88
98
108
112
262
88
100
114
104
96
94
96
195
105
104
112
257
99
96
92
226
105
87
109
318
97
113
99
170
113
176
101
164
99
101
187
123
92
101
100
201
109
98
88
103
108
192
106
123
92
121
103
244
87
114
127
83
117
87
206
98
94
88
89
112
93
89
135
94
117
211
92
168
95
228
110
86
97
89
107
94
89
152
102
94
91
192
101
81
101
104
122
105
124
179
102
97
93
94
140
96
87
88
124
83
95
85
107
100
93
98
95
182
86
94
161
129
95
87
84
93
86
131
97
86
87
90
99
98
88
84
97
101
85
125
96
82
98
119
102
138
113
104
113
107
89
130
94
141
112
105
88
92
99
97
180
118
103
100
96
106
95
90
97
108
109
103
100
100
90
103
127
88
103
115
94
104
86
136
621
70
66
76
79
76
74
77
71
80
73
80
85
82
77
74
149
76
76
74
74
91
66
83
69
86
78
74
97
64
101
75
77
81
70
70
66
71
65
85
97
83
63
85
72
75
88
80
91
110
66
73
90
107
66
72
129
99
74
80
62
70
68
87
88
91
97
76
67
80
83
66
85
73
81
73
70
77
70
65
65
65
79
70
82
73
77
72
69
74
78
80
61
74
82
89
172
99
89
63
68
101
71
70
144
71
66
63
125
80
164
68
91
88
62
96
131
73
87
58
75
76
82
70
88
66
76
73
184
75
76
64
94
83
89
0
91
163
86
59
68
93
91
67
65
74
89
79
73
69
71
68
151
67
61
73
116
69
70
61
66
70
165
84
71
72
78
74
75
78
65
67
81
64
62
62
80
82
146
73
76
66
158
92
130
64
76
77
74
82
69
65
129
80
70
76
66
72
67
62
249
74
126
73
71
76
155
75
137
78
80
74
155
73
167
63
76
84
135
76
156
72
64
64
155
75
175
66
182
68
133
71
355
112
229
103
118
107
261
110
134
102
200
100
190
80
253
92
290
97
215
108
134
109
228
98
181
99
101
93
83
95
171
102
379
160
136
158
135
124
470
106
295
114
227
171
250
141
228
148
117
120
245
149
265
124
218
144
222
124
233
123
200
111
218
102
865
150
352
129
135
159
257
133
237
249
134
139
124
142
138
140
252
147
141
176
138
139
137
127
239
139
314
134
234
136
474
149
1237
169
594
175
287
149
292
182
178
191
169
168
199
165
294
177
456
179
337
177
271
299
446
145
234
136
246
127
188
117
269
154
663
159
168
159
277
149
305
178
154
159
270
161
140
150
166
160
161
242
177
168
151
165
271
141
141
133
139
148
159
149
286
144
615
205
246
207
244
163
159
164
222
192
142
158
181
179
279
188
162
168
267
166
185
186
202
219
176
193
177
215
143
205
302
178
2008
203
186
204
163
171
186
191
210
203
152
203
210
183
184
167
205
191
180
217
203
178
175
184
196
171
163
177
183
199
220
189
1317
231
220
346
217
229
221
207
196
224
211
204
176
174
185
209
203
220
214
300
202
333
207
195
180
155
184
275
189
175
234
177
568
200
170
199
253
165
252
206
211
199
188
305
227
201
286
200
197
199
203
197
191
173
233
270
236
354
168
189
158
140
176
173
594
206
211
199
190
196
186
211
223
205
191
202
182
162
152
183
170
185
157
151
171
211
194
188
161
173
176
180
201
200
181
204
191
203
160
275
201
179
167
138
152
190
171
402
146
199
158
171
153
277
178
158
161
241
182
144
200
176
179
333
195
171
148
158
131
140
140
151
151
154
165
162
157
165
158
153
195
164
151
154
175
170
158
170
157
152
155
158
153
175
149
150
154
156
150
172
147
146
166
296
157
151
168
160
146
138
174
139
155
215
147
174
153
310
98
148
109
118
187
113
153
235
153
140
124
216
152
289
155
146
145
129
134
127
159
132
152
126
111
271
151
418
113
112
143
129
116
119
127
113
111
113
126
223
118
274
112
107
119
181
121
132
125
101
124
144
234
114
94
129
116
123
107
114
111
105
108
121
113
117
108
122
106
110
115
186
135
137
121
150
127
119
124
156
113
103
120
112
213
153
118
111
122
113
123
215
124
230
105
105
116
110
152
147
272
144
139
105
119
109
134
111
140
110
106
84
100
198
88
87
104
97
111
96
87
89
120
106
100
100
120
128
86
105
97
104
83
168
102
120
87
102
116
91
99
166
278
173
108
89
90
104
115
108
104
82
93
87
100
108
94
100
93
100
113
198
99
98
103
191
110
84
87
175
96
87
110
88
88
103
82
194
84
108
88
85
188
103
99
104
83
85
97
100
89
88
101
189
93
115
96
189
105
93
95
99
96
84
82
86
110
93
80
91
566
102
87
170
105
134
124
128
120
113
87
135
131
130
94
110
215
129
95
117
91
224
106
101
121
181
95
99
160
189
108
117
91
98
101
175
114
123
97
120
95
89
82
94
107
84
103
102
113
104
87
98
133
116
101
120
126
135
102
177
113
109
104
207
128
145
99
106
125
119
84
96
109
89
93
97
85
102
138
92
100
91
123
93
136
123
113
122
121
113
102
170
188
145
104
95
114
143
101
104
101
118
102
90
142
90
97
94
106
103
96
125
194
120
115
121
155
109
108
106
123
103
109
113
150
105
95
92
152
117
84
98
278
123
111
92
149
112
95
102
99
107
103
90
123
119
119
101
138
114
105
111
155
152
109
99
428
107
110
95
92
94
99
98
103
115
99
102
113
97
104
98
185
100
91
101
127
92
99
89
97
85
93
93
125
135
112
119
97
87
94
92
133
103
93
108
115
108
97
109
112
97
119
98
110
97
141
105
90
88
97
94
263
99
240
107
165
87
107
87
93
110
113
95
111
85
127
93
126
85
79
81
98
90
86
130
268
95
102
98
184
93
90
90
122
96
83
100
91
92
165
89
0
84
204
85
109
88
132
84
128
90
91
91
121
81
81
80
103
93
177
102
139
97
92
80
228
108
208
98
294
204
99
120
100
100
100
118
214
123
101
112
97
93
94
83
185
86
80
92
91
91
80
86
200
95
227
83
422
82
81
105
127
104
196
100
134
89
92
88
107
90
176
98
182
95
194
101
224
96
225
103
88
203
168
93
193
94
163
89
177
116
158
95
181
95
188
91
246
99
267
89
175
86
84
90
187
100
272
93
91
86
299
104
181
85
322
89
81
83
187
86
107
93
81
86
104
86
219
116
100
87
90
92
88
91
395
109
223
118
233
92
169
102
168
88
135
189
104
83
79
118
218
99
181
105
104
85
213
104
165
98
120
118
205
96
106
98
158
114
184
124
238
99
109
114
165
108
144
110
109
104
160
98
116
94
86
82
176
179
161
109
161
214
85
87
100
97
170
92
162
94
99
83
114
109
94
83
409
85
170
93
184
92
221
105
101
131
109
97
181
118
113
101
172
214
121
96
135
104
90
98
202
109
98
84
107
128
212
101
161
97
82
101
87
104
93
89
156
94
194
101
164
83
92
85
125
85
223
84
130
86
86
86
78
99
232
98
124
96
91
94
108
93
84
89
112
91
121
87
104
84
101
83
109
89
83
107
86
87
97
88
78
81
77
84
138
127
102
86
96
87
84
84
89
93
84
88
111
139
83
87
107
85
91
123
83
93
111
94
105
116
102
92
134
109
78
84
111
102
92
109
91
99
91
88
118
84
119
100
154
104
80
111
115
82
84
187
122
185
85
87
112
96
81
85
83
96
89
87
169
91
171
90
79
85
78
85
140
81
88
96
84
84
89
102
81
85
83
93
106
108
81
98
113
88
83
87
150
80
83
86
80
95
80
86
74
87
80
93
111
82
127
89
113
84
85
86
95
87
82
87
131
86
90
86
96
143
102
112
138
101
107
87
95
108
101
90
113
112
97
103
94
96
77
96
82
80
100
105
88
112
125
105
100
104
97
97
121
95
95
89
96
102
98
104
134
82
98
96
92
91
85
85
113
93
229
103
95
105
94
89
90
91
95
119
86
96
87
114
136
98
102
94
88
122
104
107
92
102
207
107
125
133
107
211
102
92
111
106
108
95
80
106
84
90
86
182
112
86
78
83
109
94
78
102
90
95
108
176
104
86
94
204
119
101
111
82
83
93
82
202
129
93
82
97
126
99
91
175
96
90
98
168
83
82
89
83
127
125
80
101
119
95
111
214
94
114
102
181
130
120
109
211
104
91
84
206
134
181
90
96
85
166
81
100
114
86
108
245
122
95
93
97
129
192
90
97
95
109
101
228
93
104
97
200
173
100
92
173
89
86
96
106
83
79
95
208
137
106
88
181
136
239
100
85
94
105
90
212
122
97
98
91
85
86
135
100
89
181
104
231
93
192
77
187
127
167
81
142
87
172
90
101
94
83
81
176
87
172
96
166
78
98
89
182
104
166
101
198
120
185
85
145
81
162
97
214
114
194
89
201
107
85
110
120
111
175
102
163
92
263
82
125
121
97
86
192
124
150
91
78
87
81
90
222
91
171
87
112
125
106
92
124
122
211
99
86
87
110
83
96
132
138
88
169
86
188
84
161
134
171
116
104
123
102
89
86
82
89
83
81
94
157
84
112
116
99
86
99
135
162
111
100
118
179
101
90
145
112
89
133
101
89
93
117
154
92
95
117
105
96
117
110
129
104
107
113
128
93
105
113
115
117
95
89
144
94
131
118
88
100
99
103
99
78
100
106
137
79
82
92
146
75
97
89
103
87
104
92
129
93
170
100
95
100
82
98
140
104
92
105
171
91
252
103
164
105
111
98
113
113
240
85
86
103
284
97
131
90
94
85
94
84
82
95
117
99
91
89
90
83
94
104
112
89
178
92
98
133
155
89
94
85
170
128
103
119
584
123
120
101
87
84
209
99
221
91
125
115
180
91
110
109
186
92
110
105
98
118
90
90
166
106
108
90
148
101
96
86
170
108
168
108
92
86
121
107
76
127
84
101
178
92
143
94
135
112
115
102
96
97
161
105
83
99
249
110
91
93
109
96
209
90
111
85
86
74
140
95
204
82
115
94
191
83
435
121
221
76
98
89
74
76
82
83
236
111
98
87
193
120
112
87
96
85
94
99
185
90
177
96
156
84
225
96
189
91
118
102
206
99
120
85
82
103
178
86
241
105
128
100
99
86
117
92
102
94
89
102
162
100
209
111
123
93
169
100
95
90
124
118
91
96
94
92
118
107
89
91
127
106
175
101
199
90
86
101
378
127
186
94
341
110
95
92
148
108
218
122
117
113
180
82
139
146
160
93
164
100
129
113
99
104
92
110
228
108
217
100
199
112
195
90
158
90
92
112
235
100
124
110
187
95
105
99
338
132
94
103
127
85
85
226
156
63
134
79
157
73
81
83
165
105
68
67
186
84
146
77
478
68
64
73
163
64
160
61
298
64
192
86
222
76
154
72
227
78
80
79
122
69
161
76
175
65
145
73
172
82
137
69
96
60
173
63
102
76
128
68
142
66
178
67
192
65
129
69
89
64
153
72
92
78
139
65
133
59
140
66
70
80
116
78
66
58
64
77
137
63
74
71
100
62
63
57
72
66
128
62
158
65
77
73
78
64
62
64
83
65
138
94
69
65
107
75
160
68
60
70
62
62
69
66
71
85
65
63
86
84
72
66
72
85
60
77
109
72
69
74
75
73
91
64
109
62
84
68
102
72
70
68
96
64
88
64
74
70
96
67
109
88
123
60
118
83
175
63
59
65
94
77
98
75
67
68
72
71
66
72
77
72
102
74
102
95
95
74
73
71
81
72
103
61
62
69
67
58
67
70
65
76
64
74
93
66
66
63
74
70
74
156
71
70
71
77
84
70
70
61
105
90
70
67
89
64
63
60
114
64
64
61
72
78
70
466
108
104
101
87
171
109
106
93
94
84
117
108
137
125
99
105
155
127
109
96
114
89
124
98
119
117
107
107
81
87
79
344
132
116
122
98
117
99
148
123
156
220
129
123
107
119
103
126
191
110
118
110
122
122
108
112
103
117
107
116
167
110
112
514
197
133
118
142
139
117
131
132
130
131
112
121
117
136
145
147
149
131
161
175
149
146
125
135
155
130
127
158
204
139
215
527
233
172
186
167
240
137
158
151
182
151
147
132
131
134
137
160
167
133
140
160
175
128
130
143
212
156
139
148
128
163
151
991
176
163
185
160
165
149
154
393
330
210
165
154
150
211
172
179
177
715
163
174
167
191
170
182
176
214
173
123
162
160
191
1118
185
205
212
198
193
276
162
221
199
183
217
194
175
260
171
298
303
203
306
166
171
168
176
183
182
158
231
168
179
302
212
627
184
176
207
165
188
180
223
202
187
277
189
265
174
190
173
242
180
393
191
191
198
206
210
286
190
165
201
207
163
280
226
1311
226
217
373
315
205
492
215
183
189
189
189
172
217
183
210
183
243
230
173
178
195
518
194
297
257
376
183
287
176
279
175
1556
255
216
239
186
201
322
194
208
216
207
211
327
226
182
185
176
192
290
179
173
199
341
165
257
230
172
161
182
214
167
167
1522
212
367
194
192
204
405
209
183
190
272
209
315
185
349
192
289
317
200
182
283
194
286
198
278
489
318
191
267
183
154
188
267
216
286
163
183
193
246
180
189
243
176
213
167
205
168
184
266
408
207
175
181
176
461
134
223
226
296
151
267
180
169
167
282
299
332
441
302
210
178
181
175
183
174
149
178
159
187
184
282
219
274
176
175
243
224
205
192
176
160
160
207
191
169
173
180
233
183
182
187
189
181
176
190
1187
195
191
172
174
196
203
195
249
166
176
171
186
172
169
179
212
216
166
157
222
196
212
223
424
184
181
192
181
181
201
187
175
188
185
168
291
175
175
183
178
177
162
163
146
167
180
238
183
173
142
221
155
145
155
167
158
294
141
161
142
143
154
177
293
143
158
169
144
140
160
147
140
138
154
121
146
151
144
139
177
144
153
139
190
146
161
140
175
311
129
117
129
123
121
138
120
121
156
130
150
129
137
122
736
216
225
109
112
89
118
106
111
119
116
107
118
102
105
116
133
91
106
88
107
93
162
105
120
108
116
105
100
92
115
95
102
105
99
110
107
117
117
111
122
172
111
96
272
92
111
122
104
117
106
90
109
103
100
104
279
104
121
91
102
101
93
101
161
90
96
93
97
93
97
128
94
102
110
93
118
95
96
99
173
109
219
92
128
137
96
88
114
100
94
90
89
106
94
103
94
95
92
129
122
138
111
100
277
117
145
118
95
110
236
103
124
102
148
127
109
107
113
104
104
186
185
90
157
106
106
101
121
105
128
104
216
88
91
98
408
108
201
99
427
107
90
89
373
100
207
99
134
111
114
104
144
99
96
97
247
123
220
103
113
94
111
110
98
105
96
109
125
95
106
106
134
106
116
103
149
125
241
135
153
105
129
113
117
108
114
115
113
108
273
96
245
122
99
118
222
112
222
92
111
106
182
194
258
107
193
89
107
108
199
90
104
89
109
93
107
107
210
121
109
103
103
103
118
99
111
93
102
105
163
175
100
104
131
164
100
95
108
124
102
100
129
105
129
95
94
106
129
97
299
168
140
107
101
98
447
106
165
96
102
105
119
107
130
120
107
110
212
106
120
111
108
108
97
109
112
110
105
97
122
109
119
113
109
100
91
95
106
100
109
93
91
93
95
93
217
130
129
112
103
111
104
93
114
128
138
165
105
108
132
91
110
105
103
95
123
111
111
98
123
93
127
106
114
101
110
101
104
126
101
90
108
96
102
93
111
117
106
103
118
100
99
90
109
111
91
97
93
92
135
119
155
223
107
106
107
107
109
100
235
111
120
230
112
106
134
99
119
94
124
85
105
99
109
124
124
125
112
108
90
90
91
386
107
166
386
227
100
268
159
336
155
259
143
128
120
106
126
129
139
130
152
143
113
96
108
107
116
99
89
93
90
93
93
101
144
244
115
93
124
97
107
103
111
99
107
92
103
105
116
107
92
99
105
86
102
110
95
95
110
93
92
106
184
105
107
104
113
89
96
83
89
99
139
107
120
122
111
98
116
105
105
108
103
103
96
90
106
240
105
112
120
109
96
97
109
103
113
135
103
85
88
126
115
94
97
97
84
125
108
101
99
139
99
101
104
95
146
138
110
94
121
95
96
92
122
115
109
130
125
106
104
94
105
138
120
123
111
120
127
117
112
142
102
136
126
110
98
211
104
189
105
103
98
111
96
112
108
105
104
109
121
107
98
90
99
133
103
215
93
256
115
101
108
137
113
132
106
99
91
100
126
117
125
188
123
97
105
189
104
186
95
107
109
91
107
91
93
196
103
132
113
141
111
96
177
49
106
175
112
191
108
119
107
91
98
94
142
104
105
102
111
95
110
88
129
212
108
162
92
87
92
226
89
86
97
88
104
90
95
100
104
197
94
113
96
127
139
103
86
99
117
203
118
188
129
204
118
215
93
181
122
195
109
236
110
109
103
124
101
105
95
92
127
92
122
255
92
332
128
223
106
104
140
280
127
182
105
237
113
181
108
214
118
171
103
242
132
170
146
107
108
101
92
265
106
214
113
241
110
229
119
117
126
104
111
296
113
158
112
122
123
234
126
216
115
101
338
162
210
116
155
118
110
202
110
202
142
111
121
130
138
111
106
95
198
246
145
102
93
106
120
114
141
106
407
138
153
110
99
96
94
98
99
118
143
143
217
100
103
102
102
111
126
98
106
106
203
100
100
104
117
104
99
110
223
124
109
269
119
95
95
103
134
97
111
100
107
168
220
159
99
100
91
101
230
103
202
83
82
226
202
85
87
102
83
93
211
95
93
100
104
216
94
86
282
139
205
87
101
104
101
123
89
130
131
119
110
109
138
138
261
97
400
117
85
128
112
100
235
196
97
93
200
86
109
103
203
98
207
89
186
107
90
94
206
132
108
97
165
119
224
100
345
104
109
124
96
89
168
98
146
131
240
133
91
115
91
97
120
127
210
134
229
111
132
84
90
117
202
89
87
137
103
83
88
106
124
93
215
154
161
125
98
124
140
112
207
132
142
111
228
95
100
101
210
94
92
107
95
108
194
126
213
105
296
121
100
115
196
97
111
107
176
114
210
114
222
115
249
115
103
130
97
102
259
161
218
120
211
126
134
93
183
112
112
111
108
92
212
92
106
96
100
94
90
95
97
120
312
81
96
120
246
100
100
124
132
115
100
88
100
97
94
113
117
121
89
93
94
82
83
91
193
101
113
100
318
91
173
97
92
97
88
86
167
113
89
93
219
88
314
90
86
132
131
104
91
120
173
110
123
112
117
135
194
103
97
86
102
93
211
100
190
117
103
116
108
98
125
90
121
110
90
107
194
104
95
105
293
124
117
96
98
105
98
116
110
114
128
129
233
130
205
97
231
114
112
92
106
93
90
102
200
119
181
91
101
101
93
95
105
106
133
112
118
143
124
210
158
117
208
120
297
123
200
186
234
116
119
108
139
229
108
97
227
97
106
93
206
99
103
121
182
99
108
97
220
106
381
104
249
150
268
107
259
131
216
93
114
90
88
95
211
123
111
104
219
129
118
98
198
115
101
133
439
115
96
101
199
88
110
102
205
107
102
99
225
107
101
102
91
123
95
103
172
99
111
120
216
109
135
83
95
113
88
87
183
100
123
108
99
103
109
115
173
110
92
90
206
176
122
112
202
180
104
102
215
109
117
110
198
147
106
111
130
132
99
123
106
127
112
107
120
148
181
133
97
120
106
121
178
111
197
193
229
117
195
120
212
108
178
104
89
86
219
120
120
143
188
169
194
215
108
109
111
134
277
120
110
136
109
136
316
104
180
115
224
109
222
147
112
109
145
108
157
109
200
125
115
113
208
127
105
119
203
98
181
125
192
122
120
107
101
125
171
109
144
391
94
92
116
99
102
87
115
88
112
99
86
110
76
89
127
97
158
93
78
101
107
77
109
106
101
99
107
132
134
94
86
160
89
110
104
145
88
80
115
82
85
96
102
121
147
87
72
92
99
88
112
86
91
139
94
72
101
89
188
125
82
76
91
92
74
123
74
85
84
87
90
133
78
86
95
73
76
75
89
95
100
136
134
92
82
88
107
89
106
94
98
85
95
84
72
98
98
72
109
72
83
82
92
107
93
86
86
98
72
76
90
93
74
84
105
116
83
83
90
111
82
84
82
110
100
116
78
86
70
82
84
80
79
99
83
101
101
89
80
80
80
84
72
149
83
74
71
149
83
84
70
101
76
111
102
105
74
204
77
74
187
92
74
99
74
148
77
140
74
137
103
92
77
75
91
90
89
84
90
110
95
81
86
71
82
99
70
147
82
85
81
267
72
73
87
73
84
96
78
92
84
85
92
224
74
130
83
89
75
77
80
140
112
184
83
140
142
87
81
149
71
72
73
80
101
142
72
136
82
219
78
372
114
263
119
196
104
165
144
112
129
133
113
216
100
274
139
132
130
148
124
121
110
289
239
216
124
256
147
138
122
263
135
1199
175
138
155
107
114
314
124
249
117
308
120
284
127
285
132
242
142
239
122
128
119
248
135
235
133
254
136
230
125
298
122
1287
156
316
149
239
132
203
139
145
137
283
208
135
159
284
146
279
158
320
153
133
149
156
122
264
150
251
140
212
143
157
174
534
185
1232
180
254
169
292
149
159
180
182
170
239
158
281
318
143
176
491
161
167
153
303
143
239
147
322
191
262
136
229
160
902
175
314
227
418
166
223
176
343
162
170
166
341
142
336
152
365
136
279
166
262
155
254
171
164
160
264
180
161
174
273
163
1326
167
263
209
304
230
239
195
293
284
346
188
218
190
411
188
310
180
201
179
170
187
325
181
308
190
249
228
338
475
174
174
449
202
300
189
156
186
275
177
214
211
326
487
328
172
312
181
240
178
224
520
379
170
185
253
193
255
211
228
197
178
137
156
1650
189
414
204
370
176
333
216
1015
280
351
234
318
205
196
216
188
199
201
179
198
204
214
223
271
345
220
220
253
208
188
190
809
181
280
176
279
173
207
192
263
199
254
223
236
185
252
194
225
191
212
213
434
182
215
203
197
299
167
185
203
177
215
167
623
406
383
194
238
206
249
200
224
215
217
195
210
198
339
173
188
187
186
187
227
177
197
194
342
173
181
162
143
169
167
164
160
168
161
171
137
146
162
157
144
159
168
174
206
180
186
178
200
159
163
165
182
503
197
338
226
1227
218
209
172
714
167
325
152
143
159
185
166
233
236
215
167
240
176
348
131
137
136
406
275
305
316
270
249
193
167
131
148
160
153
136
150
248
301
177
171
466
211
683
145
201
134
354
138
135
355
123
110
121
167
131
119
120
164
172
118
102
143
136
117
111
170
141
148
111
129
99
111
108
161
126
154
129
211
222
97
108
127
103
113
95
234
213
178
98
205
197
121
122
158
125
112
114
147
270
117
114
144
144
123
107
177
221
115
94
150
85
95
97
94
104
96
104
139
91
120
124
111
122
115
111
152
206
91
95
97
110
146
127
92
86
120
117
137
209
122
92
99
105
131
95
197
97
96
101
136
109
124
114
113
114
174
96
163
204
112
134
126
102
119
106
208
346
136
107
158
118
112
99
142
118
96
110
151
120
107
114
304
81
96
70
90
208
85
190
71
71
84
84
86
81
82
75
137
103
103
137
99
99
81
0
272
296
218
175
103
110
94
108
109
135
73
77
73
79
71
78
79
71
90
72
76
71
77
85
104
153
76
69
89
129
229
0
171
72
112
104
99
95
115
82
67
78
72
74
71
167
72
76
70
93
74
170
94
83
94
194
154
94
85
74
85
163
120
93
76
82
95
82
85
76
73
67
92
90
126
72
86
73
92
63
70
84
112
71
112
140
132
92
266
92
71
74
89
81
86
117
84
101
81
142
84
70
87
108
75
180
97
90
82
67
81
187
68
77
94
116
103
219
96
139
97
101
86
112
120
89
67
85
85
168
90
152
135
76
84
174
129
77
83
83
112
99
66
76
78
87
64
93
86
97
98
101
174
83
165
125
78
172
99
95
128
96
126
82
67
88
116
200
95
93
95
77
79
104
107
90
78
92
80
89
85
104
79
226
78
73
79
80
71
91
87
86
93
84
138
106
98
97
119
98
215
94
127
115
91
104
82
89
342
138
90
107
102
96
92
125
118
108
98
113
195
127
105
124
235
109
123
100
99
103
104
156
121
133
135
137
168
209
120
112
482
172
163
118
108
121
116
121
130
130
133
127
187
140
153
132
141
132
110
146
122
122
161
127
129
134
120
144
133
130
188
133
496
140
170
138
155
140
172
142
158
151
159
154
134
139
134
133
137
160
149
152
143
164
232
135
161
159
304
210
474
156
174
162
758
190
251
160
222
261
492
168
437
234
393
205
191
198
172
163
171
142
190
192
171
190
725
1318
244
276
412
186
185
203
171
644
785
272
208
259
588
218
204
350
195
200
181
173
157
191
282
188
260
180
184
308
245
174
209
197
482
198
539
183
467
178
392
209
2173
279
701
287
523
260
316
587
293
213
195
275
221
212
404
204
203
197
216
199
206
208
192
537
310
185
358
201
202
194
285
166
722
209
273
210
511
212
243
207
328
197
319
158
154
180
301
185
191
178
277
191
280
203
551
178
181
168
175
158
175
190
201
189
1291
201
333
265
538
174
343
191
285
195
197
180
193
233
506
207
240
261
318
200
182
201
188
203
260
323
472
214
349
163
315
164
1368
208
279
189
205
197
224
227
186
202
232
221
185
215
269
261
207
228
260
173
285
222
205
267
205
178
237
228
223
234
214
257
650
249
496
206
383
458
330
370
401
187
366
237
563
350
254
727
213
300
230
322
232
251
222
183
298
231
205
306
171
235
268
280
164
184
195
202
417
217
323
198
287
199
275
325
201
197
404
220
189
188
320
288
342
327
188
374
286
188
313
186
178
177
142
167
376
257
154
269
298
145
139
129
295
219
125
440
205
148
180
152
147
141
160
152
136
136
146
90
126
138
132
158
130
162
164
164
150
187
142
296
148
154
172
149
148
141
125
372
157
127
149
290
499
638
1599
223
168
167
181
161
398
187
155
139
142
139
137
134
139
117
146
362
153
151
147
152
131
136
134
145
134
135
154
155
182
150
143
141
135
154
311
307
159
201
113
135
102
278
219
428
164
110
116
97
106
96
137
168
98
221
104
119
116
251
79
128
93
105
79
101
89
74
82
104
94
95
87
83
113
179
89
79
159
190
96
89
77
191
94
89
101
84
71
164
80
94
133
116
150
328
99
126
106
150
71
86
74
72
128
90
65
69
89
98
87
96
71
76
97
91
79
95
70
162
75
153
83
228
99
166
84
137
101
118
91
159
116
84
99
89
129
81
96
183
80
94
91
96
88
91
92
106
81
89
88
91
87
98
88
109
131
79
81
96
91
103
93
83
79
96
84
101
83
80
87
69
93
104
76
75
70
130
101
78
75
85
113
82
89
183
82
336
75
186
71
77
88
79
103
128
97
74
95
85
86
78
81
73
73
91
72
112
83
198
76
79
98
179
82
89
74
80
118
78
84
160
77
142
81
251
79
80
76
147
75
72
82
157
101
200
97
83
78
117
84
92
68
185
125
92
88
141
94
81
102
188
83
76
83
155
97
81
82
196
90
92
80
76
84
81
115
82
77
71
69
71
113
145
74
67
91
72
83
67
66
65
74
145
69
185
72
165
100
80
81
574
143
142
133
199
139
174
118
207
109
175
91
129
88
220
115
87
96
110
110
144
100
132
117
220
112
86
107
115
139
395
143
496
152
245
155
295
154
122
206
136
124
719
149
240
118
235
128
187
143
280
99
127
129
334
111
125
148
222
123
113
113
121
162
1245
139
270
186
377
143
437
152
158
338
338
141
133
166
333
286
167
141
252
101
284
114
221
97
218
106
223
104
225
91
114
91
374
116
195
128
256
110
170
155
127
162
200
173
384
255
265
147
352
219
236
107
191
124
109
155
205
186
284
141
132
127
255
109
1593
173
251
241
248
147
287
156
165
187
179
196
155
147
140
149
275
191
155
140
273
230
321
135
117
139
363
160
240
193
148
155
425
403
132
142
111
197
134
188
129
167
198
187
236
247
462
194
175
168
124
152
120
137
121
143
405
154
106
109
317
115
124
130
1669
149
144
186
216
169
161
229
138
134
119
127
131
150
246
149
177
126
227
156
160
128
333
156
208
143
175
184
150
136
192
153
1486
183
167
181
205
219
152
171
204
185
147
145
156
147
165
160
152
140
175
289
186
178
153
156
245
170
149
215
155
151
152
159
548
325
185
191
179
187
167
336
861
175
151
247
134
155
154
227
168
161
159
156
153
203
213
455
159
160
163
182
161
172
145
150
488
189
361
232
198
1576
236
270
163
418
303
207
183
173
269
174
309
286
216
580
172
306
188
381
186
325
155
224
171
334
182
212
170
288
164
346
363
196
151
343
314
329
179
362
160
166
242
278
132
151
171
148
159
151
327
210
187
185
210
182
146
252
142
286
135
373
144
208
127
140
144
154
126
137
124
126
137
157
136
196
158
171
149
173
127
128
252
280
141
291
156
728
134
240
147
151
134
279
149
154
106
191
113
212
113
268
238
165
109
96
102
116
100
230
118
100
125
83
94
115
101
225
98
141
107
256
132
154
106
101
103
182
124
234
114
110
150
108
138
114
118
113
123
135
100
252
121
120
129
103
120
137
121
226
108
123
109
156
117
111
118
124
129
121
127
117
112
105
113
244
126
579
117
119
112
188
106
113
249
81
115
88
102
100
80
93
104
81
121
86
82
162
176
97
117
101
103
97
98
95
103
120
92
130
109
112
92
137
93
78
88
181
97
77
82
182
96
82
91
101
79
85
104
158
90
153
94
169
79
89
105
167
93
271
103
167
94
78
87
234
89
165
89
155
88
172
88
84
82
101
84
171
88
177
78
203
86
147
87
243
81
161
92
180
87
105
80
175
80
75
101
78
96
144
90
153
88
169
81
90
96
174
77
120
80
191
91
92
91
191
106
76
101
88
115
102
100
90
90
84
101
168
83
162
113
152
128
94
87
153
83
87
84
99
102
76
119
203
123
84
94
90
85
136
88
81
146
74
117
145
75
165
82
87
120
76
73
153
108
98
77
203
97
108
78
129
78
75
147
85
108
96
88
157
95
82
89
173
91
136
94
182
94
84
72
74
94
139
90
134
76
83
87
74
102
86
84
88
86
75
78
81
87
98
76
97
119
164
109
92
101
77
85
72
93
94
88
82
97
101
87
88
101
96
92
145
82
91
88
114
680
106
104
120
118
116
122
105
131
122
118
197
87
100
115
126
121
150
116
136
118
124
105
128
142
159
113
104
113
99
112
96
414
183
137
137
119
129
116
121
135
129
129
129
130
136
126
130
123
141
131
135
109
108
130
125
123
130
123
132
135
148
173
144
398
151
151
145
134
130
136
235
164
157
283
137
157
131
143
163
142
121
132
116
126
120
128
142
138
152
293
110
106
120
155
131
357
152
134
128
127
129
137
131
133
132
139
129
135
117
159
128
118
123
183
126
119
136
137
121
127
155
143
138
154
129
216
127
764
186
189
162
155
182
175
170
267
182
184
185
182
181
166
220
209
166
135
135
153
169
155
147
136
185
169
149
143
155
161
154
860
173
191
176
183
159
148
146
153
591
145
161
147
134
174
177
331
189
136
139
166
138
182
140
140
133
127
123
154
137
119
119
635
168
157
155
300
179
155
178
298
133
169
176
134
152
180
172
225
158
154
157
222
152
296
150
198
144
149
133
151
163
155
156
650
165
170
183
309
177
201
174
161
170
166
156
192
179
304
194
330
164
161
160
338
180
132
189
278
145
238
139
135
133
140
159
396
169
766
156
216
159
155
159
185
206
146
166
141
156
167
180
302
226
216
157
154
167
296
152
209
145
490
162
428
167
254
167
615
177
187
189
311
169
287
165
287
176
395
287
433
186
403
177
317
183
302
152
178
280
159
157
301
159
185
267
150
128
170
270
251
133
501
130
266
141
631
145
334
155
619
137
236
142
219
161
273
173
228
148
139
135
403
140
342
142
441
143
235
149
312
144
219
145
167
130
301
126
310
135
253
152
257
148
258
145
149
351
223
112
137
101
194
100
209
133
223
258
177
107
94
111
217
93
177
100
108
92
213
99
109
97
101
133
105
191
416
114
170
124
174
79
256
116
99
88
92
92
225
298
87
82
80
86
83
78
104
86
184
77
80
104
83
78
84
83
79
90
89
99
87
87
124
85
215
76
190
81
148
85
100
86
106
94
109
95
89
87
158
90
91
93
80
88
194
92
105
101
162
104
97
108
396
106
108
98
104
112
120
95
102
97
110
91
99
95
93
117
93
92
90
105
81
101
98
151
95
93
124
125
105
84
118
101
97
106
110
160
104
95
228
235
93
96
146
89
89
86
147
87
86
104
108
123
87
121
127
174
86
175
129
164
99
137
131
110
122
104
116
105
86
103
163
87
92
102
112
86
100
121
105
92
104
94
123
94
98
98
122
127
100
115
98
149
105
112
96
83
97
126
109
97
95
194
103
192
110
94
133
115
100
107
99
108
116
106
119
106
96
106
106
119
103
94
185
111
57
100
122
113
104
89
116
99
101
106
142
107
100
123
140
206
116
99
109
101
93
96
146
420
145
146
137
111
124
121
127
109
111
121
164
119
126
133
138
105
190
123
138
289
139
111
154
252
143
273
205
129
128
190
132
373
163
189
160
161
148
118
145
123
155
164
157
142
143
163
199
169
157
146
141
148
158
130
225
256
139
135
130
130
125
185
142
1118
210
198
158
145
258
292
138
163
130
114
129
107
125
105
140
224
167
108
160
213
121
119
132
155
133
139
117
106
114
129
161
463
161
139
271
137
132
137
131
133
154
151
249
173
131
165
304
146
142
236
143
152
170
126
151
140
117
240
139
118
105
126
118
378
149
248
143
147
151
243
194
157
135
129
155
129
122
148
136
237
138
281
176
145
131
437
263
140
144
215
143
129
151
246
180
401
151
161
250
142
154
153
262
173
159
207
152
154
300
149
224
149
147
139
143
141
147
124
155
133
157
242
199
147
172
155
143
422
145
169
184
137
145
160
369
179
143
170
160
166
173
296
248
135
121
196
174
174
148
141
170
160
173
190
155
169
160
265
123
812
157
221
189
190
144
140
180
165
160
313
146
152
128
152
145
172
123
162
152
142
140
137
249
143
151
158
251
146
148
246
192
760
181
301
177
154
140
142
164
294
176
323
270
269
176
141
148
160
154
166
168
158
146
183
203
163
164
162
144
276
173
178
208
623
193
165
362
143
196
177
180
203
200
185
214
159
159
164
207
206
243
342
235
195
244
192
294
165
217
179
237
170
171
661
184
153
155
221
555
254
371
168
236
179
187
181
1051
134
149
188
213
149
117
160
190
157
122
135
164
245
167
148
366
155
150
161
172
115
130
215
140
195
126
115
141
128
124
122
177
158
143
129
129
128
139
123
127
122
121
138
126
157
140
117
128
99
151
137
115
169
147
190
158
155
454
113
111
138
294
111
98
138
120
106
101
85
110
103
112
83
85
91
111
100
99
132
217
135
121
161
128
106
126
127
155
105
145
122
111
118
111
116
124
106
88
130
107
100
118
99
112
99
114
81
100
96
96
117
97
98
99
88
275
80
109
101
247
118
179
106
517
127
92
104
123
112
207
127
265
106
203
151
171
118
84
92
94
79
91
90
103
93
99
94
100
95
92
81
108
90
85
98
117
87
80
102
140
97
96
85
115
77
102
79
82
85
92
93
90
105
98
96
98
81
83
92
101
94
82
98
108
106
94
141
96
85
83
152
87
85
86
127
106
78
89
97
78
79
82
86
140
77
83
88
150
85
96
81
87
83
98
87
133
75
87
77
147
100
86
88
148
92
76
75
334
94
88
128
106
98
100
89
76
95
93
84
159
88
86
87
118
86
87
91
111
77
124
84
109
82
239
99
116
114
122
111
121
99
308
107
177
98
114
122
112
113
122
103
198
112
214
75
229
90
79
116
109
102
142
79
167
84
163
91
141
81
89
92
190
104
829
130
394
112
108
136
216
116
102
117
129
121
232
133
264
106
295
145
185
131
275
118
149
133
218
137
115
119
203
133
206
116
502
144
180
184
288
159
170
143
516
118
268
130
109
123
331
127
137
110
256
123
131
150
350
125
140
131
176
139
127
130
328
139
1521
161
188
174
295
146
393
346
138
140
165
208
253
153
672
168
405
145
226
324
165
280
258
251
484
157
257
171
165
128
492
142
1186
179
201
169
158
162
183
182
216
188
173
291
149
139
311
196
142
159
187
373
152
130
222
230
380
161
211
177
311
153
159
158
532
204
265
306
179
180
260
300
170
168
267
204
398
171
616
190
169
173
189
154
151
159
253
153
155
159
144
125
141
148
122
319
424
303
168
314
168
153
138
203
191
220
164
166
202
167
153
140
182
121
160
148
155
125
145
249
410
146
131
148
154
169
135
118
764
182
155
153
139
164
160
144
184
230
155
149
141
138
153
253
143
150
168
138
168
142
129
157
153
126
128
155
172
143
176
157
934
195
319
166
227
189
160
250
242
154
158
482
202
179
148
194
254
204
156
294
156
165
144
162
268
162
292
218
250
158
156
136
609
147
176
155
134
127
161
140
175
158
150
357
159
150
149
247
168
144
147
165
188
289
130
132
139
348
135
130
161
157
157
156
619
298
140
126
129
115
126
125
179
155
150
135
136
267
158
134
130
114
120
459
140
122
122
135
197
115
132
162
190
320
133
169
141
151
124
182
157
236
145
202
134
185
136
150
112
134
147
234
129
168
118
194
131
158
199
223
112
124
282
162
125
121
139
293
152
135
219
158
111
108
108
212
112
115
162
131
112
119
119
247
143
137
126
126
138
133
182
132
124
317
142
124
121
153
114
225
137
136
138
115
140
213
176
167
133
207
139
119
291
176
190
95
108
190
127
92
113
103
136
98
151
165
103
202
86
201
140
116
97
0
113
96
86
103
113
116
124
207
159
241
151
207
98
209
114
164
128
100
78
211
109
85
95
93
111
100
96
107
110
98
86
96
152
93
79
106
89
81
109
565
129
307
92
326
144
196
99
143
186
94
98
175
111
102
128
187
128
186
100
250
106
164
113
169
178
93
99
95
82
153
82
212
160
242
100
103
145
232
181
221
129
145
104
178
109
113
89
97
116
83
104
271
98
157
84
88
125
92
125
101
140
105
103
181
121
213
101
97
104
193
113
97
111
158
85
182
101
168
94
197
105
97
107
167
112
150
108
97
86
194
87
108
103
194
97
150
91
166
99
162
136
151
104
104
165
109
89
168
88
102
107
194
159
142
116
146
133
207
115
99
102
196
107
147
111
91
93
112
97
176
104
156
90
165
101
172
101
162
97
209
105
105
89
152
112
115
99
99
107
680
91
150
154
187
105
117
85
111
91
154
93
168
84
97
101
106
94
113
112
100
350
117
121
179
116
114
121
211
107
214
182
125
118
338
174
118
128
116
127
126
108
123
121
149
126
136
131
129
128
181
153
167
908
138
164
162
150
123
156
151
183
146
155
140
148
150
132
135
138
149
256
186
153
260
252
172
146
187
140
154
166
156
158
166
678
168
156
173
180
189
146
155
272
155
131
171
169
157
134
150
173
148
136
147
172
146
160
143
161
144
180
154
319
152
135
305
388
156
166
174
147
178
169
140
190
175
129
153
158
136
158
131
198
161
170
175
491
187
139
166
169
359
243
109
117
95
153
121
469
178
251
157
146
131
155
164
200
132
134
152
167
158
243
128
198
124
139
146
187
137
147
143
241
142
163
163
160
154
140
172
988
156
179
147
150
167
154
151
193
150
297
135
183
154
244
156
154
140
154
150
183
164
165
180
160
147
150
153
411
435
141
137
657
150
162
156
228
184
165
154
606
151
191
157
347
176
152
155
163
154
280
174
259
168
185
154
177
145
833
159
181
166
244
139
891
173
162
154
157
168
191
175
159
180
159
157
232
142
173
166
139
143
157
179
1035
184
182
134
301
160
173
168
169
166
163
146
890
167
167
162
233
167
511
160
244
171
144
139
161
181
258
324
139
165
284
148
184
153
276
172
529
198
166
188
167
151
162
126
1526
217
172
178
249
184
181
173
164
160
250
161
197
169
163
145
177
152
234
155
143
166
181
170
179
347
244
167
378
126
0
131
142
125
513
146
355
134
392
164
528
132
490
144
283
132
517
124
385
103
461
128
161
121
140
112
236
121
233
128
100
128
211
108
1096
108
207
109
225
101
172
94
160
93
92
103
98
99
95
84
98
104
187
96
238
89
242
104
85
109
182
85
166
97
157
101
343
98
244
122
98
89
281
81
141
104
135
82
108
81
98
80
93
80
224
131
91
87
183
112
118
96
196
118
88
161
180
94
75
97
172
94
146
83
148
96
93
91
193
96
179
105
202
114
105
96
102
101
97
91
122
99
132
95
99
82
77
87
91
96
108
84
106
125
108
80
173
84
113
83
82
102
88
101
145
84
224
97
165
85
134
93
91
87
121
91
105
86
99
97
88
110
206
85
89
83
132
98
160
82
149
81
85
98
95
83
134
95
110
91
108
97
104
129
82
96
83
86
97
83
134
95
87
107
92
84
136
94
83
121
108
93
120
114
91
96
88
83
163
93
113
116
91
99
85
87
100
85
82
94
83
83
112
113
96
116
127
98
93
82
170
88
103
104
110
87
91
102
130
80
101
118
122
135
92
97
139
96
91
92
99
101
98
103
86
107
119
106
109
110
101
101
88
79
106
97
392
151
130
143
128
120
120
112
121
119
120
129
209
258
547
132
104
128
123
118
128
126
145
139
155
120
109
145
153
132
152
146
503
159
234
176
165
155
192
151
210
144
335
116
143
133
151
125
134
150
137
145
135
113
0
157
121
123
147
154
171
170
131
128
413
149
161
177
154
148
174
151
204
136
163
150
176
160
193
159
152
142
133
157
131
132
132
144
138
134
296
136
125
129
113
139
483
168
190
151
189
159
133
147
152
167
149
148
178
172
132
150
159
145
210
191
182
172
161
213
193
141
133
135
129
150
166
150
423
181
165
184
184
174
186
290
182
178
191
174
178
179
176
310
171
168
176
162
184
234
148
165
170
419
175
187
178
185
194
157
1016
208
201
163
252
221
204
385
178
197
195
198
196
199
226
202
228
356
197
690
273
182
162
167
213
164
169
309
166
177
182
157
1061
323
178
198
171
303
149
168
188
323
186
337
184
205
167
191
205
338
205
314
168
166
155
173
169
166
161
184
177
193
177
187
520
170
208
202
192
190
188
181
188
224
208
202
203
196
179
221
189
299
157
405
195
189
185
418
198
183
190
307
156
160
174
240
501
242
208
213
226
189
226
208
177
211
195
214
180
196
188
177
159
307
171
165
202
177
171
356
208
174
205
221
213
227
170
219
2010
229
213
292
196
227
212
222
211
197
224
228
212
356
191
258
211
191
297
216
276
302
235
406
184
240
248
285
179
311
216
323
236
307
322
180
203
190
246
195
222
301
194
287
197
189
209
237
209
306
200
179
234
379
135
240
180
271
179
290
200
309
184
344
203
300
161
177
181
193
123
262
178
159
172
266
171
279
154
199
299
137
143
159
158
164
166
152
151
225
226
145
177
180
148
192
161
181
189
191
174
157
161
168
168
221
170
180
146
212
135
132
144
227
142
133
151
162
157
166
158
185
149
147
596
176
162
139
135
151
142
171
151
139
175
137
153
151
198
156
166
181
170
164
333
134
164
122
129
118
132
132
127
123
149
147
134
120
125
140
123
118
155
139
120
122
148
121
141
136
141
138
134
118
137
138
151
148
134
145
211
139
125
137
127
130
156
140
120
141
119
121
143
129
171
156
118
128
156
155
147
140
144
161
127
120
274
136
145
144
115
129
113
127
280
111
136
121
108
96
90
89
101
104
159
104
92
98
106
96
90
95
128
99
98
107
98
85
84
82
102
104
91
104
93
87
91
87
100
95
84
170
118
89
89
85
89
130
98
101
158
90
111
109
98
84
95
109
97
103
115
111
104
89
96
126
123
101
103
101
112
92
101
91
100
96
116
103
83
100
194
97
80
95
87
82
81
81
114
99
117
135
118
124
259
102
375
99
101
92
91
85
183
100
373
99
103
89
99
139
96
84
134
124
155
111
106
96
97
87
104
98
94
100
104
86
498
113
237
120
215
115
141
100
101
111
90
83
648
96
192
91
108
94
89
90
204
90
126
83
108
96
140
108
153
89
99
86
269
111
101
98
107
95
98
82
120
94
365
100
118
95
187
82
153
120
94
95
86
118
116
166
164
169
162
94
99
146
97
79
160
94
87
82
95
120
115
103
193
121
90
83
176
131
100
92
173
98
94
100
100
155
184
120
164
101
97
83
181
94
104
96
106
87
89
84
178
113
172
82
97
99
84
90
165
98
543
115
197
136
120
127
385
145
135
114
236
115
113
124
133
170
117
261
329
153
106
124
106
114
180
106
116
182
114
109
243
126
607
129
282
134
127
135
130
125
158
158
136
154
120
126
128
127
211
132
186
134
256
319
157
158
308
164
141
155
163
179
125
155
531
183
163
169
180
211
143
156
135
153
146
149
272
150
164
189
176
255
262
133
232
298
140
159
549
137
126
109
113
153
285
144
743
220
173
170
145
204
159
158
169
143
180
148
139
155
162
134
234
140
151
155
146
140
135
144
184
272
149
148
132
254
163
165
493
183
391
119
109
149
139
134
143
133
134
133
141
217
118
119
181
197
249
291
140
285
129
162
158
134
149
146
126
279
149
166
755
331
254
180
176
160
189
129
157
331
175
146
161
133
120
137
144
154
137
202
157
192
165
163
161
129
157
150
155
168
128
147
414
158
166
177
179
175
145
281
184
158
188
198
173
142
147
183
275
148
179
174
153
157
139
374
186
145
182
143
161
124
133
130
507
157
156
367
145
144
167
182
144
167
147
358
119
169
124
316
151
153
160
131
130
129
127
159
114
132
125
120
124
355
122
141
517
204
165
166
171
168
126
164
128
160
138
194
147
362
150
124
153
173
157
156
190
177
155
389
148
546
165
155
135
153
200
191
1102
170
267
424
202
327
179
180
189
202
140
159
142
150
175
641
155
284
220
142
148
167
182
146
225
227
207
336
155
161
166
222
206
411
159
351
137
334
200
246
177
180
138
152
133
196
160
184
138
210
152
311
123
295
142
151
157
248
143
286
195
228
301
226
132
298
128
143
140
161
142
141
143
271
123
147
125
363
131
352
154
304
152
175
149
322
180
252
159
250
129
111
129
155
165
145
126
160
131
249
122
146
147
210
139
260
197
256
129
295
118
194
135
147
136
243
129
343
140
526
99
115
120
194
118
257
95
214
117
118
108
181
102
185
89
209
101
280
113
181
105
203
93
125
100
275
104
167
88
107
90
109
88
236
115
264
211
175
103
197
130
186
114
156
144
136
112
90
91
177
102
108
99
192
106
247
116
222
91
170
85
145
94
175
108
120
100
154
88
163
106
111
133
113
86
154
86
129
99
191
98
192
84
187
113
158
100
95
99
169
95
194
92
123
102
89
97
183
82
131
85
166
102
95
116
95
86
96
108
196
110
175
96
216
95
205
89
182
98
156
128
199
87
189
122
144
88
110
99
182
104
170
109
191
100
188
90
191
101
179
88
99
97
158
99
115
94
88
94
106
87
112
176
129
100
114
96
168
117
99
130
107
159
99
139
131
124
82
84
110
95
86
122
110
109
117
119
108
92
90
82
137
236
99
123
104
104
95
109
125
90
108
104
128
184
104
90
90
80
86
83
231
98
126
118
96
102
88
136
97
121
111
114
165
104
98
104
178
116
105
102
113
83
107
127
95
301
87
106
129
96
525
249
274
124
167
123
136
122
150
133
111
240
118
154
281
146
136
115
188
117
119
255
222
202
186
215
248
201
242
217
170
182
522
153
167
174
136
223
187
149
124
152
143
242
156
164
259
247
117
108
182
194
145
155
206
164
169
654
172
203
335
186
136
134
421
267
140
174
181
140
200
181
121
150
299
219
143
401
134
120
104
108
100
113
147
136
118
150
142
129
127
179
157
467
135
235
1228
409
166
434
151
376
123
226
447
147
136
236
188
116
110
163
129
120
109
112
171
122
109
122
128
121
166
144
214
249
134
343
388
169
165
254
163
200
147
262
132
392
137
273
149
234
225
310
127
278
162
237
154
243
386
125
121
308
130
320
133
247
127
226
542
241
155
325
172
155
143
152
146
251
197
130
140
177
279
153
143
145
221
154
160
136
136
126
174
153
215
152
174
280
156
263
427
410
303
762
150
244
153
281
176
230
166
263
137
1318
295
499
163
185
148
568
142
269
166
695
216
190
161
298
198
495
198
657
1525
210
173
166
177
175
198
214
170
185
175
424
173
416
175
332
175
495
186
466
177
300
166
420
200
132
150
268
151
170
161
302
1001
355
239
330
322
387
236
303
286
215
192
209
205
181
168
268
265
567
187
187
197
181
196
278
204
310
169
328
199
456
185
270
750
191
193
344
225
312
288
300
256
423
205
312
212
261
286
197
202
394
491
365
203
191
222
436
196
262
172
211
167
340
175
296
148
171
155
187
145
207
146
165
169
182
190
173
190
241
180
200
186
218
206
268
229
685
208
190
195
469
151
658
174
167
136
270
182
143
131
145
187
159
153
142
139
174
153
149
139
148
134
204
155
150
171
143
151
506
132
327
200
367
178
169
140
146
175
274
159
180
183
147
149
162
163
243
168
378
134
249
127
171
118
187
144
168
118
164
152
310
125
132
122
118
176
114
111
194
145
248
125
284
131
150
127
136
138
132
137
131
127
126
112
116
182
210
134
117
149
118
482
264
152
110
104
113
111
128
136
145
150
119
190
153
138
155
136
177
138
142
132
142
143
147
121
134
109
310
101
90
87
114
102
98
107
107
141
109
100
113
97
109
137
105
262
108
107
100
103
100
107
122
114
262
128
130
117
123
130
120
118
82
165
196
112
106
84
89
83
95
95
222
86
91
127
109
91
88
148
89
109
96
176
143
223
102
119
173
101
107
108
111
201
108
96
81
79
115
187
96
82
97
94
92
95
98
86
80
90
91
108
85
86
83
88
96
91
107
107
103
99
84
117
170
85
97
90
87
109
102
140
85
85
83
155
85
83
97
106
88
139
94
84
77
84
84
98
106
86
105
84
94
83
103
79
101
80
82
161
82
94
108
247
82
110
113
131
81
96
93
87
84
105
83
117
96
85
83
115
94
104
83
123
81
78
103
109
77
83
94
105
81
171
92
84
88
111
94
121
106
111
86
318
119
88
111
146
81
203
107
200
83
166
82
130
82
103
87
138
84
101
95
123
135
81
125
112
81
86
99
133
95
167
110
195
112
97
93
183
82
94
83
277
86
164
81
128
90
91
177
199
134
88
81
79
79
198
102
191
392
316
616
126
98
260
142
126
129
270
120
116
152
176
120
216
121
215
123
109
127
201
123
230
109
113
130
291
142
234
105
231
375
484
143
268
156
151
165
170
154
221
278
257
196
290
131
142
151
203
151
170
135
398
139
144
106
226
155
304
150
302
109
151
679
296
313
185
143
241
129
137
144
285
158
219
159
313
159
143
143
350
145
180
152
133
117
299
141
155
261
126
171
143
143
254
688
182
198
167
208
346
187
152
280
159
320
322
249
335
163
262
253
302
172
296
185
302
171
232
600
188
569
352
137
275
212
401
899
216
182
187
223
191
186
326
250
183
362
169
158
174
163
184
171
219
182
295
150
150
231
281
239
231
221
309
163
133
151
184
499
199
202
159
171
170
186
156
945
170
152
169
191
287
167
181
177
274
181
304
169
294
264
275
162
321
190
153
181
263
160
160
643
189
165
313
186
293
247
234
172
215
231
179
418
335
193
175
178
295
168
180
175
178
262
145
141
211
148
277
239
163
160
157
504
215
160
201
160
206
192
313
159
174
156
188
163
198
154
170
159
231
164
156
147
273
149
175
174
209
182
161
188
234
150
186
624
228
329
179
189
233
151
151
155
148
170
157
155
219
138
148
169
388
119
112
124
122
124
131
130
163
124
142
136
229
136
142
417
210
172
167
180
195
182
183
157
267
166
147
169
299
146
143
137
175
147
156
163
250
196
159
199
359
185
179
184
344
160
148
165
639
173
148
135
212
156
149
172
153
150
168
164
364
160
150
161
199
162
144
239
142
130
156
167
263
169
319
137
210
163
146
137
147
148
142
166
276
134
166
142
203
160
179
168
169
168
320
164
163
137
134
408
162
234
146
123
119
154
123
134
273
94
130
102
109
98
101
130
114
154
125
395
98
86
123
81
88
94
87
87
95
252
145
86
104
88
95
97
88
87
84
83
96
170
123
165
87
81
93
85
76
98
104
162
129
122
89
110
129
86
108
111
82
195
100
97
97
133
105
104
133
95
82
81
87
99
78
102
93
99
122
207
98
105
87
110
176
96
92
91
86
94
103
92
83
84
88
81
134
109
124
175
81
88
94
162
162
103
103
168
100
145
80
97
115
95
83
100
213
167
92
90
85
84
86
83
85
96
98
175
87
95
92
125
140
95
97
184
143
101
105
191
121
105
84
95
125
111
106
84
169
102
84
198
90
94
99
159
102
99
106
87
104
86
104
90
137
101
101
102
88
109
95
95
96
91
96
89
98
162
111
170
135
98
132
117
106
103
99
99
142
209
99
217
103
102
106
183
161
101
96
181
94
113
97
78
97
102
127
95
110
101
104
88
139
149
113
97
101
103
109
110
115
176
117
255
97
84
111
87
103
164
96
152
111
92
91
158
244
94
87
95
743
120
139
126
150
133
119
128
189
133
124
164
139
137
141
133
149
128
132
126
122
127
136
112
177
113
133
244
169
135
110
117
462
158
162
238
154
189
159
190
149
139
153
163
154
190
152
251
130
236
144
452
1395
143
146
153
205
159
134
158
143
143
144
171
737
180
167
464
271
159
154
185
136
330
128
158
169
235
167
168
212
171
251
155
155
162
148
187
196
131
163
134
305
147
136
151
527
169
157
158
206
304
134
159
175
300
344
366
481
368
947
359
535
489
307
672
811
730
303
446
319
225
190
126
166
225
609
506
1694
531
741
475
1073
909
